Run Number,Sequence Number,Sending PowerLevel, SendTime,RSSI
0,0,0,1,-68
0,1,1,300,-69
0,2,2,600,-69
0,3,3,900,-69
0,4,4,1200,-69
0,5,5,1500,-69
0,6,6,1800,-68
0,7,7,2100,-69
0,8,8,2400,-68
0,9,9,2700,-68
0,10,10,3000,-68
0,11,11,3300,-68
0,12,12,3600,-68
0,13,13,3900,-68
0,14,14,4200,-68
0,15,15,4500,-68
0,16,16,4800,-68
0,17,17,5100,-68
0,18,18,5400,-69
0,19,19,5700,-69
0,20,20,6000,-69
0,21,21,6300,-69
0,22,22,6600,-68
0,23,23,6900,-69
0,24,24,7200,-68
0,25,25,7500,-68
0,26,26,7800,-68
0,27,27,8100,-69
0,28,28,8400,-69
0,29,29,8700,-69
0,30,30,9000,-69
0,31,31,9300,-69
0,32,0,9600,-69
0,33,1,9900,-69
0,34,2,10200,-69
0,35,3,10500,-68
0,36,4,10800,-69
0,37,5,11100,-73
0,38,6,11400,-72
0,39,7,11700,-74
0,40,8,12000,-73
0,41,9,12300,-78
0,42,10,12600,-72
0,43,11,12900,-83
0,44,12,13200,-78
0,45,13,13500,-79
0,46,14,13800,-79
0,47,15,14100,-79
0,48,16,14400,-83
0,49,17,14700,-78
0,50,18,15000,-79
0,51,19,15300,-82
0,52,20,15600,-77
0,53,21,15900,-76
0,54,22,16200,-77
0,55,23,16500,-76
0,56,24,16800,-75
0,57,25,17100,-78
0,58,26,17400,-77
0,59,27,17700,-78
0,60,28,18000,-77
0,61,29,18300,-78
0,62,30,18600,-80
1,64,0,19200,-80
1,65,1,19500,-78
1,66,2,19800,-75
1,67,3,20100,-75
1,68,4,20400,-75
1,69,5,20700,-76
1,70,6,21000,-75
1,71,7,21300,-76
1,72,8,21600,-77
1,73,9,21900,-78
1,74,10,22200,-77
1,75,11,22500,-77
1,76,12,22800,-77
1,77,13,23100,-77
1,78,14,23400,-77
1,79,15,23700,-78
1,80,16,24000,-77
1,81,17,24300,-78
1,82,18,24600,-77
1,83,19,24900,-77
1,84,20,25200,-78
1,85,21,25500,-77
1,86,22,25800,-77
1,87,23,26100,-76
1,88,24,26400,-77
1,89,25,26700,-76
1,90,26,27000,-77
1,91,27,27300,-77
1,92,28,27600,-76
1,93,29,27900,-76
1,94,30,28200,-76
1,95,31,28500,-78
1,96,0,28800,-76
1,97,1,29100,-77
1,98,2,29400,-76
1,99,3,29700,-77
1,100,4,30000,-77
1,101,5,30300,-76
1,102,6,30600,-75
1,105,9,31500,-78
1,106,10,31800,-79
2,107,0,32100,-80
2,108,1,32400,-77
2,109,2,32700,-78
2,110,3,33000,-78
2,111,4,33300,-79
2,112,5,33600,-78
2,113,6,33900,-77
2,114,7,34200,-77
2,115,8,34500,-78
2,116,9,34800,-78
2,117,10,35100,-77
2,118,11,35400,-79
2,119,12,35700,-77
2,120,13,36000,-78
2,121,14,36300,-78
2,122,15,36600,-78
2,123,16,36900,-77
2,124,17,37200,-78
2,125,18,37500,-79
2,126,19,37800,-79
2,127,20,38100,-78
2,128,21,38400,-79
2,129,22,38700,-78
2,130,23,39000,-78
2,131,24,39300,-79
2,132,25,39600,-77
2,133,26,39900,-78
2,134,27,40200,-77
2,135,28,40500,-77
2,136,29,40800,-77
2,137,30,41100,-78
2,138,31,41400,-77
2,139,0,41700,-78
2,140,1,42000,-78
2,141,2,42300,-77
2,142,3,42600,-78
2,143,4,42900,-78
2,144,5,43200,-76
2,145,6,43500,-84
2,146,7,43800,-82
5,197,4,59100,-84
5,198,5,59400,-86
5,204,11,61200,-83
5,214,21,64200,-86
5,215,22,64500,-83
5,224,31,67200,-83
7,294,17,88200,-86
15,534,22,160200,-79
15,535,23,160500,-80
15,536,24,160800,-76
15,537,25,161100,-74
15,538,26,161400,-78
15,539,27,161700,-75
15,540,28,162000,-71
15,541,29,162300,-69
15,542,30,162600,-71
15,543,31,162900,-71
15,544,0,163200,-71
15,545,1,163500,-69
15,546,2,163800,-70
15,547,3,164100,-67
15,548,4,164400,-68
15,549,5,164700,-68
15,550,6,165000,-66
15,551,7,165300,-67
15,552,8,165600,-63
15,553,9,165900,-61
15,554,10,166200,-61
15,555,11,166500,-61
15,556,12,166800,-60
15,557,13,167100,-60
15,558,14,167400,-61
15,559,15,167700,-62
15,560,16,168000,-63
15,561,17,168300,-63
15,562,18,168600,-63
15,563,19,168900,-63
15,564,20,169200,-63
15,565,21,169500,-63
15,566,22,169800,-63
15,567,23,170100,-63
15,568,24,170400,-63
15,569,25,170700,-63
15,570,26,171000,-63
15,571,27,171300,-63
15,572,28,171600,-63
15,573,29,171900,-63
15,574,30,172200,-63
15,575,31,172500,-62
15,576,0,172800,-63
15,577,1,173100,-63
15,578,2,173400,-64
15,579,3,173700,-66
15,580,4,174000,-66
15,581,5,174300,-66
15,582,6,174600,-67
15,583,7,174900,-66
15,584,8,175200,-66
15,585,9,175500,-67
15,586,10,175800,-67
15,587,11,176100,-67
15,588,12,176400,-68
15,589,13,176700,-68
15,592,16,177600,-67
15,593,17,177900,-68
15,594,18,178200,-66
15,595,19,178500,-67
15,596,20,178800,-67
15,597,21,1791Run Number,Sequence Number,Sending PowerLevel, SendTime,RSSI
15,778,10,233400,-66
15,779,11,233700,-68
15,780,12,234000,-67
15,781,13,234300,-67
15,782,14,234600,-67
15,783,15,234900,-67
15,784,16,235200,-67
15,785,17,235500,-65
15,786,18,235800,-66
15,787,19,236100,-68
15,788,20,236400,-69
15,789,21,236700,-68
15,790,22,237000,-68
15,791,23,237300,-68
15,792,24,237600,-66
15,793,25,237900,-67
15,794,26,238200,-71
15,795,27,238500,-72
15,796,28,238800,-71
15,797,29,239100,-68
15,798,30,239400,-68
15,799,31,239700,-71
15,800,0,240000,-65
15,801,1,240300,-65
15,802,2,240600,-64
15,803,3,240900,-65
15,804,4,241200,-69
15,805,5,241500,-69
15,806,6,241800,-73
15,807,7,242100,-73
15,808,8,242400,-72
15,809,9,242700,-73
15,810,10,243000,-73
15,811,11,243300,-73
15,812,12,243600,-76
15,813,13,243900,-77
15,814,14,244200,-77
15,815,15,244500,-83
15,816,16,244800,-83
15,833,1,249900,-86
15,835,3,250500,-82
15,836,4,250800,-83
15,838,6,251400,-79
15,839,7,251700,-80
15,840,8,252000,-80
15,841,9,252300,-80
15,842,10,252600,-80
15,843,11,252900,-79
15,844,12,253200,-79
15,845,13,253500,-79
15,846,14,253800,-79
15,847,15,254100,-79
15,848,16,254400,-79
15,849,17,254700,-78
15,850,18,255000,-80
15,851,19,255300,-78
15,852,20,255600,-79
15,853,21,255900,-78
15,854,22,256200,-78
15,855,23,256500,-78
15,856,24,256800,-78
15,857,25,257100,-77
15,858,26,257400,-78
15,859,27,257700,-77
15,860,28,258000,-78
15,861,29,258300,-78
15,862,30,258600,-78
15,863,31,258900,-79
15,864,0,259200,-78
15,865,1,259500,-77
15,866,2,259800,-77
15,867,3,260100,-77
15,868,4,260400,-77
15,869,5,260700,-77
15,870,6,261000,-77
15,871,7,261300,-77
15,872,8,261600,-77
15,873,9,261900,-77
15,874,10,262200,-77
15,875,11,262500,-77
15,876,12,262800,-78
15,877,13,263100,-77
15,878,14,263400,-77
15,879,15,263700,-78
15,880,16,264000,-78
15,881,17,264300,-77
15,882,18,264600,-78
15,883,19,264900,-77
15,884,20,265200,-78
15,885,21,265500,-78
15,886,22,265800,-78
15,887,23,266100,-78
15,888,24,266400,-77
15,889,25,266700,-77
15,890,26,267000,-78
15,891,27,267300,-77
15,892,28,267600,-76
15,893,29,267900,-77
15,894,30,268200,-78
15,895,31,268500,-77
15,896,0,268800,-78
15,897,1,269100,-77
15,898,2,269400,-77
15,899,3,269700,-77
15,900,4,270000,-78
15,901,5,270300,-76
15,902,6,270600,-77
15,903,7,270900,-77
15,904,8,271200,-76
15,905,9,271500,-77
15,906,10,271800,-77
15,907,11,272100,-78
15,908,12,272400,-78
15,909,13,272700,-78
15,910,14,273000,-79
15,911,15,273300,-78
15,912,16,273600,-78
15,913,17,273900,-79
15,914,18,274200,-79
15,915,19,274500,-77
15,916,20,274800,-79
15,917,21,275100,-79
15,918,22,275400,-78
15,920,24,276000,-80
15,921,25,276300,-80
15,924,28,277200,-83
15,927,31,278100,-84
15,929,1,278700,-84
15,939,11,281700,-84
15,940,12,282000,-82
15,942,14,282600,-86
15,947,19,284100,-79
15,948,20,284400,-81
15,952,24,285600,-82
15,953,25,285900,-80
15,954,26,286200,-79
15,955,27,286500,-76
15,956,28,286800,-74
15,957,29,287100,-74
15,958,30,287400,-73
15,959,31,287700,-72
15,960,0,288000,-72
15,961,1,288300,-74
15,962,2,288600,-74
15,963,3,288900,-71
15,964,4,289200,-70
15,965,5,289500,-72
15,966,6,289800,-68
15,967,7,290100,-70
15,968,8,290400,-71
15,969,9,290700,-71
15,970,10,291000,-71
15,971,11,291300,-71
15,972,12,291600,-71
15,973,13,291900,-72
15,974,14,292200,-71
15,975,15,292500,-71
15,976,16,292800,-72
15,977,17,293100,-72
15,978,18,293400,-72
15,979,19,293700,-71
15,980,20,294000,-71
15,981,21,294300,-71
15,982,22,294600,-72
15,983,23,294900,-71
15,984,24,295200,-70
15,985,25,295500,-71
15,986,26,295800,-71
15,987,27,296100,-71
15,988,28,296400,-72
15,989,29,296700,-71
15,990,30,297000,-71
15,991,31,297300,-71
15,992,0,297600,-72
15,993,1,297900,-71
15,994,2,298200,-71
15,995,3,298500,-71
15,996,4,298800,-71
15,997,5,299100,-71
15,998,6,299400,-71
15,999,7,299700,-72
15,1000,8,300000,-72
15,1001,9,300300,-72
15,1002,10,300600,-72
15,1003,11,300900,-71
15,1004,12,301200,-71
15,1005,13,301500,-71
15,1006,14,301800,-70
15,1007,15,302100,-72
15,1008,16,302400,-70
15,1009,17,302700,-68
15,1010,18,303000,-72
15,1011,19,303300,-78
15,1012,20,303600,-73
15,1013,21,303900,-74
15,1014,22,304200,-73
15,1015,23,304500,-70
15,1016,24,304800,-70
15,1017,25,305100,-69
15,1018,26,305400,-69
15,1019,27,305700,-68
15,1020,28,306000,-70
15,1021,29,306300,-71
15,1022,30,306600,-72
15,1023,31,306900,-68
15,1024,0,307200,-69
15,1025,1,307500,-69
15,1026,2,307800,-68
15,1027,3,308100,-68
15,1028,4,308400,-69
15,1029,5,308700,-69
15,1030,6,309000,-67
15,1031,7,309300,-68
15,1032,8,309600,-68
15,1033,9,309900,-74
15,1034,10,310200,-78
15,1035,11,310500,-75
15,1036,12,310800,-73
