Run Number,Sequence Number,SendTime,RSSI
0,0,2000,-27
0,1,2100,-27
0,2,2400,-27
0,3,2700,-28
0,4,3000,-22
0,5,3300,-22
0,6,3600,-28
0,7,3900,-27
0,8,4200,-28
0,9,4500,-28
0,10,4800,-28
0,11,5100,-27
0,12,5400,-27
0,13,5700,-29
0,14,6000,-28
0,15,6300,-28
0,16,6600,-27
0,17,6900,-28
0,18,7200,-27
0,19,7500,-28
0,20,7800,-28
0,21,8100,-33
0,22,8400,-32
0,23,8700,-29
0,24,9000,-38
0,25,9300,-34
0,26,9600,-29
0,27,9900,-31
0,28,10200,-29
0,29,10500,-28
0,30,10800,-27
0,31,11100,-27
0,32,11400,-27
0,33,11700,-27
0,34,12000,-29
0,35,12300,-28
0,36,12600,-28
0,37,12900,-28
0,38,13200,-29
0,39,13500,-29
0,40,13800,-32
0,41,14100,-28
0,42,14400,-29
0,43,14700,-33
0,44,15000,-32
0,45,15300,-39
0,46,15600,-35
0,47,15900,-32
0,48,16200,-36
0,49,16500,-32
0,50,16800,-28
0,51,17100,-27
0,52,17400,-27
0,53,17700,-28
0,54,18000,-27
0,55,18300,-27
0,56,18600,-27
0,57,18900,-28
0,58,19200,-28
0,59,19500,-27
0,60,19800,-27
0,61,20100,-27
0,62,20400,-27
0,63,20700,-24
0,64,21000,-27
0,65,21300,-27
0,66,21600,-27
0,67,21900,-28
0,68,22200,-28
0,69,22500,-28
0,70,22800,-27
0,71,23100,-27
0,72,23400,-27
0,73,23700,-28
0,74,24000,-28
0,75,24300,-28
0,76,24600,-28
0,77,24900,-28
0,78,25200,-27
0,79,25500,-28
0,80,25800,-28
0,81,26100,-27
0,82,26400,-27
0,83,26700,-27
0,84,27000,-28
0,85,27300,-27
0,86,27600,-27
0,87,27900,-27
0,88,28200,-27
0,89,28500,-27
0,90,28800,-27
0,91,29100,-28
1,92,29400,-27
2,93,29700,-28
2,94,30000,-27
2,95,30300,-28
2,96,30600,-27
2,97,30900,-26
2,98,31200,-27
2,99,31500,-27
2,100,31800,-28
2,101,32100,-28
2,102,32400,-28
2,103,32700,-27
2,104,33000,-28
2,105,33300,-28
2,106,33600,-28
2,107,33900,-28
2,108,34200,-28
2,109,34500,-28
2,110,34800,-28
2,111,35100,-28
2,112,35400,-28
2,113,35700,-26
2,114,36000,-27
2,115,36300,-28
2,116,36600,-28
2,117,36900,-29
2,118,37200,-28
2,119,37500,-27
2,120,37800,-28
2,121,38100,-28
2,122,38400,-28
2,123,38700,-27
2,124,39000,-28
2,125,39300,-27
2,126,39600,-28
2,127,39900,-27
2,128,40200,-27
2,129,40500,-28
2,130,40800,-27
2,131,41100,-27
2,132,41400,-27
2,133,41700,-28
2,134,42000,-28
2,135,42300,-27
2,136,42600,-28
2,137,42900,-28
2,138,43200,-28
2,139,43500,-28
2,140,43800,-27
2,141,44100,-27
2,142,44400,-26
2,143,44700,-28
2,144,45000,-28
2,145,45300,-28
2,146,45600,-29
2,147,45900,-29
2,148,46200,-29
2,149,46500,-28
2,150,46800,-28
2,151,47100,-28
2,152,47400,-29
2,153,47700,-29
2,154,48000,-29
2,155,48300,-31
2,156,48600,-29
2,157,48900,-28
2,158,49200,-28
2,159,49500,-28
2,160,49800,-28
2,161,50100,-28
2,162,50400,-28
2,163,50700,-28
2,164,51000,-28
2,165,51300,-28
2,166,51600,-28
2,167,51900,-28
2,168,52200,-28
2,169,52500,-29
2,170,52800,-34
2,171,53100,-38
2,172,53400,-47
2,173,53700,-32
2,174,54000,-37
2,175,54300,-35
2,176,54600,-39
2,177,54900,-35
2,178,55200,-40
2,179,55500,-36
2,180,55800,-40
2,181,56100,-38
2,182,56400,-42
2,183,56700,-58
2,184,57000,-42
2,185,57300,-48
2,186,57600,-59
2,187,57900,-49
2,188,58200,-44
2,189,58500,-61
2,190,58800,-63
2,190,58800,-62
2,191,59100,-48
2,192,59400,-49
2,193,59700,-47
2,194,60000,-47
2,195,60300,-35
2,196,60600,-32
2,197,60900,-32
2,198,61200,-35
2,199,61500,-37
2,200,61800,-35
2,201,62100,-33
2,202,62400,-33
2,203,62700,-37
2,204,63000,-37
2,205,63300,-38
2,206,63600,-40
2,207,63900,-38
2,208,64200,-36
2,209,64500,-37
2,210,64800,-37
2,211,65100,-34
2,212,65400,-28
2,213,65700,-31
2,214,66000,-31
2,215,66300,-32
2,216,66600,-31
2,217,66900,-33
2,218,67200,-35
2,219,67500,-44
2,220,67800,-34
2,221,68100,-36
2,222,68400,-32
2,223,68700,-29
2,224,69000,-29
2,225,69300,-28
3,226,69600,-29
3,227,69900,-29
3,228,70200,-30
3,229,70500,-29
3,230,70800,-29
3,231,71100,-29
3,232,71400,-29
3,233,71700,-32
3,234,72000,-29
3,235,72300,-33
3,236,72600,-32
3,237,72900,-32
3,238,73200,-35
3,239,73500,-32
3,240,73800,-31
3,241,74100,-31
3,242,74400,-31
3,243,74700,-31
3,244,75000,-30
3,245,75300,-32
3,246,75600,-32
3,247,75900,-32
3,248,76200,-32
3,249,76500,-37
3,250,76800,-37
3,251,77100,-37
3,252,77400,-36
3,253,77700,-37
3,254,78000,-36
3,255,78300,-35
3,256,78600,-38
3,257,78900,-39
3,258,79200,-38
3,259,79500,-32
3,260,79800,-30
3,261,80100,-31
3,262,80400,-31
3,263,80700,-34
3,264,81000,-37
3,265,81300,-41
3,266,81600,-36
3,267,81900,-32
3,268,82200,-32
3,269,82500,-32
3,270,82800,-34
3,271,83100,-33
3,272,83400,-38
3,273,83700,-32
3,274,84000,-30
3,275,84300,-31
3,276,84600,-35
3,277,84900,-52
3,278,85200,-31
3,279,85500,-35
3,280,85800,-35
3,281,86100,-35
3,282,86400,-38
3,283,86700,-36
3,284,87000,-36
3,285,87300,-36
3,286,87600,-35
3,287,87900,-35
3,288,88200,-35
3,289,88500,-33
3,290,88800,-39
3,291,89100,-37
3,292,89400,-37
3,293,89700,-37
3,294,90000,-37
3,295,90300,-35
3,296,90600,-35
3,297,90900,-35
3,298,91200,-35
3,299,91500,-37
3,300,91800,-41
3,301,92100,-42
3,302,92400,-41
3,303,92700,-45
3,304,93000,-41
3,305,93300,-41
3,306,93600,-43
3,307,93900,-42
3,308,94200,-47
3,309,94500,-42
3,310,94800,-50
3,311,95100,-47
3,312,95400,-40
3,313,95700,-34
4,314,96000,-33
4,315,96300,-33
4,316,96600,-33
4,317,96900,-32
4,318,97200,-35
4,319,97500,-45
4,320,97800,-43
4,321,98100,-43
4,322,98400,-44
4,323,98700,-45
4,324,99000,-49
4,325,99300,-47
4,326,99600,-40
4,327,99900,-41
4,328,100200,-48
4,329,100500,-45
4,330,100800,-41
4,331,101100,-39
4,332,101400,-40
4,333,101700,-38
4,334,102000,-32
4,335,102300,-36
4,336,102600,-38
4,337,102900,-33
4,338,103200,-35
4,339,103500,-35
4,340,103800,-35
4,341,104100,-33
4,342,104400,-32
4,343,104700,-33
4,344,105000,-35
4,345,105300,-32
4,346,105600,-32
4,347,105900,-32
4,348,106200,-35
4,349,106500,-38
4,350,106800,-38
4,351,107100,-38
4,352,107400,-36
4,353,107700,-36
4,354,108000,-38
4,355,108300,-35
4,356,108600,-30
4,357,108900,-32
4,358,109200,-34
4,359,109500,-34
4,360,109800,-34
4,361,110100,-34
4,362,110400,-33
4,363,110700,-34
4,364,111000,-34
4,365,111300,-32
4,366,111600,-32
4,367,111900,-33
4,368,112200,-33
4,369,112500,-33
4,370,112800,-35
4,371,113100,-35
4,372,113400,-37
4,373,113700,-39
4,374,114000,-42
4,375,114300,-41
4,376,114600,-48
4,377,114900,-48
4,378,115200,-47
4,379,115500,-42
4,380,115800,-42
4,381,116100,-50
4,382,116400,-45
4,383,116700,-47
4,384,117000,-45
4,385,117300,-59
4,386,117600,-53
4,387,117900,-49
4,388,118200,-48
4,389,118500,-50
4,390,118800,-49
4,391,119100,-50
4,392,119400,-49
4,393,119700,-46
4,394,120000,-44
4,395,120300,-43
4,396,120600,-42
4,397,120900,-43
4,398,121200,-43
4,399,121500,-41
4,400,121800,-41
4,401,122100,-42
4,402,122400,-44
4,403,122700,-43
4,404,123000,-41
4,405,123300,-40
4,406,123600,-42
4,407,123900,-38
4,408,124200,-38
4,409,124500,-38
4,410,124800,-40
4,411,125100,-43
4,412,125400,-38
4,413,125700,-38
4,414,126000,-43
4,415,126300,-42
4,416,126600,-43
4,417,126900,-38
4,418,127200,-35
4,419,127500,-36
4,420,127800,-37
4,421,128100,-38
4,422,128400,-38
4,423,128700,-42
4,424,129000,-39
4,425,129300,-39
4,426,129600,-41
4,427,129900,-41
4,428,130200,-46
4,429,130500,-46
4,430,130800,-44
4,431,131100,-40
4,432,131400,-38
4,433,131700,-36
4,434,132000,-36
4,435,132300,-35
4,436,132600,-38
4,437,132900,-42
4,438,133200,-43
4,439,133500,-41
4,440,133800,-42
4,441,134100,-44
4,442,134400,-44
4,443,134700,-45
4,444,135000,-45
4,445,135300,-49
4,446,135600,-45
4,447,135900,-45
4,448,136200,-44
4,449,136500,-44
4,450,136800,-41
4,451,137100,-41
4,452,137400,-41
4,453,137700,-39
4,454,138000,-43
4,455,138300,-48
4,456,138600,-43
4,457,138900,-47
4,458,139200,-39
4,459,139500,-41
4,460,139800,-42
4,461,140100,-45
4,462,140400,-42
4,463,140700,-39
4,464,141000,-37
5,465,141300,-41
5,466,141600,-39
5,467,141900,-40
5,468,142200,-44
5,469,142500,-47
5,470,142800,-48
5,471,143100,-49
5,472,143400,-46
5,473,143700,-49
5,474,144000,-47
5,475,144300,-47
5,476,144600,-47
5,477,144900,-45
5,478,145200,-45
5,479,145500,-44
5,480,145800,-43
5,481,146100,-43
5,482,146400,-42
5,483,146700,-42
5,484,147000,-42
5,485,147300,-42
5,486,147600,-42
5,487,147900,-42
5,488,148200,-42
5,489,148500,-42
5,490,148800,-42
5,491,149100,-42
5,492,149400,-42
5,493,149700,-42
5,494,150000,-41
5,495,150300,-43
5,496,150600,-41
5,497,150900,-41
5,498,151200,-50
5,499,151500,-53
5,500,151800,-45
5,501,152100,-45
5,502,152400,-43
5,503,152700,-42
5,504,153000,-40
5,505,153300,-51
5,506,153600,-58
5,507,153900,-44
5,508,154200,-42
5,509,154500,-66
5,510,154800,-42
5,511,155100,-44
5,512,155400,-43
5,513,155700,-45
5,514,156000,-48
5,515,156300,-58
5,516,156600,-57
5,517,156900,-54
5,518,157200,-48
5,519,157500,-46
5,520,157800,-47
5,521,158100,-47
5,522,158400,-43
5,523,158700,-42
5,524,159000,-40
5,525,159300,-43
5,526,159600,-41
5,527,159900,-44
5,528,160200,-41
5,529,160500,-45
5,530,160800,-43
5,531,161100,-43
5,532,161400,-45
5,533,161700,-43
5,534,162000,-42
5,535,162300,-43
5,536,162600,-42
5,537,162900,-43
5,538,163200,-44
5,539,163500,-45
5,540,163800,-45
5,541,164100,-46
5,542,164400,-44
5,543,164700,-44
5,544,165000,-44
5,545,165300,-45
5,546,165600,-44
5,547,165900,-44
5,548,166200,-44
5,549,166500,-44
5,550,166800,-42
5,551,167100,-45
5,552,167400,-47
5,553,167700,-47
5,554,168000,-46
5,555,168300,-47
5,556,168600,-45
5,557,168900,-42
5,558,169200,-46
5,559,169500,-45
5,560,169800,-45
5,561,170100,-44
5,562,170400,-44
5,563,170700,-44
5,564,171000,-42
5,565,171300,-42
5,566,171600,-43
5,567,171900,-43
5,568,172200,-42
5,569,172500,-45
5,570,172800,-47
5,571,173100,-45
5,572,173400,-52
5,573,173700,-53
5,574,174000,-48
5,575,174300,-43
5,576,174600,-53
5,577,174900,-45
5,578,175200,-38
5,579,175500,-39
5,580,175800,-39
5,581,176100,-42
5,582,176400,-44
6,583,176700,-44
7,584,177000,-43
7,585,177300,-41
7,586,177600,-38
7,587,177900,-38
7,588,178200,-43
7,589,178500,-47
7,590,178800,-44
7,591,179100,-47
7,592,179400,-50
7,593,179700,-49
7,594,180000,-48
7,595,180300,-49
7,596,180600,-50
7,597,180900,-49
7,598,181200,-48
7,599,181500,-49
7,600,181800,-57
7,601,182100,-50
7,602,182400,-49
7,603,182700,-51
7,604,183000,-56
7,605,183300,-57
7,606,183600,-59
7,607,183900,-60
7,608,184200,-52
7,609,184500,-49
7,610,184800,-49
7,611,185100,-52
7,612,185400,-49
7,613,185700,-49
7,614,186000,-48
7,615,186300,-48
7,616,186600,-49
7,617,186900,-51
7,618,187200,-52
7,619,187500,-53
7,620,187800,-53
7,621,188100,-52
7,622,188400,-53
7,623,188700,-53
7,624,189000,-58
7,625,189300,-66
7,626,189600,-60
7,627,189900,-60
7,628,190200,-51
7,629,190500,-54
7,630,190800,-62
7,631,191100,-44
7,632,191400,-39
7,633,191700,-37
7,634,192000,-38
7,635,192300,-40
7,636,192600,-36
7,637,192900,-37
7,638,193200,-38
7,639,193500,-38
7,640,193800,-38
7,641,194100,-38
7,642,194400,-43
7,643,194700,-55
7,644,195000,-40
7,645,195300,-42
7,646,195600,-44
7,647,195900,-41
7,648,196200,-41
7,649,196500,-42
7,650,196800,-42
7,651,197100,-42
7,652,197400,-42
7,653,197700,-43
7,654,198000,-42
7,655,198300,-42
7,656,198600,-43
7,657,198900,-42
7,658,199200,-42
7,659,199500,-42
7,660,199800,-42
7,661,200100,-41
7,662,200400,-42
7,663,200700,-43
7,664,201000,-43
7,665,201300,-45
7,666,201600,-51
7,667,201900,-50
7,668,202200,-51
7,669,202500,-50
7,670,202800,-51
7,671,203100,-52
7,672,203400,-53
7,673,203700,-51
7,674,204000,-42
7,675,204300,-37
7,676,204600,-33
7,677,204900,-33
7,678,205200,-35
7,679,205500,-36
7,680,205800,-36
7,681,206100,-35
7,682,206400,-36
7,683,206700,-36
7,684,207000,-37
7,685,207300,-35
7,686,207600,-36
7,687,207900,-36
7,688,208200,-35
7,689,208500,-35
7,690,208800,-37
7,691,209100,-34
7,692,209400,-36
7,693,209700,-36
7,694,210000,-36
7,695,210300,-37
7,696,210600,-38
7,697,210900,-37
7,698,211200,-37
7,699,211500,-37
7,700,211800,-37
7,701,212100,-37
7,702,212400,-36
7,703,212700,-36
7,704,213000,-36
7,705,213300,-36
7,706,213600,-35
7,707,213900,-37
7,708,214200,-36
7,709,214500,-36
7,710,214800,-36
7,711,215100,-36
7,712,215400,-37
7,713,215700,-37
7,714,216000,-36
7,715,216300,-36
7,716,216600,-35
7,717,216900,-35
7,718,217200,-34
7,719,217500,-35
7,720,217800,-35
7,721,218100,-35
7,722,218400,-36
7,723,218700,-37
7,724,219000,-37
7,725,219300,-36
7,726,219600,-37
7,727,219900,-37
7,728,220200,-36
7,729,220500,-38
7,730,220800,-37
7,731,221100,-37
7,732,221400,-37
7,733,221700,-37
7,734,222000,-36
7,735,222300,-35
7,736,222600,-35
7,737,222900,-36
7,738,223200,-37
7,739,223500,-37
7,740,223800,-37
7,741,224100,-35
7,742,224400,-38
7,743,224700,-41
7,744,225000,-37
7,745,225300,-35
7,746,225600,-35
7,747,225900,-35
7,748,226200,-35
7,749,226500,-37
7,750,226800,-36
7,751,227100,-38
7,752,227400,-37
7,753,227700,-42
7,754,228000,-42
7,755,228300,-41
7,756,228600,-39
7,757,228900,-39
7,758,229200,-38
7,759,229500,-40
7,760,229800,-41
7,761,230100,-39
7,762,230400,-39
7,763,230700,-40
7,764,231000,-41
7,765,231300,-43
7,766,231600,-38
8,767,231900,-38
9,768,232200,-38
9,769,232500,-39
9,770,232800,-38
9,771,233100,-37
9,772,233400,-39
9,773,233700,-38
9,774,234000,-38
9,775,234300,-37
9,776,234600,-37
9,777,234900,-37
9,778,235200,-38
9,779,235500,-38
9,780,235800,-38
9,781,236100,-38
9,782,236400,-39
9,783,236700,-38
9,784,237000,-38
9,785,237300,-38
9,786,237600,-38
9,787,237900,-38
9,788,238200,-41
9,789,238500,-42
9,790,238800,-43
9,791,239100,-43
9,792,239400,-41
9,793,239700,-40
9,794,240000,-40
9,795,240300,-41
9,796,240600,-39
9,797,240900,-39
9,798,241200,-39
9,799,241500,-39
9,800,241800,-38
9,801,242100,-38
9,802,242400,-40
9,803,242700,-40
9,804,243000,-39
9,805,243300,-41
9,806,243600,-38
9,807,243900,-38
9,808,244200,-39
9,809,244500,-38
9,810,244800,-38
9,811,245100,-38
9,812,245400,-37
9,813,245700,-38
9,814,246000,-37
9,815,246300,-37
9,816,246600,-37
9,817,246900,-37
9,818,247200,-37
9,819,247500,-37
9,820,247800,-37
9,821,248100,-37
9,822,248400,-37
9,823,248700,-36
9,824,249000,-35
9,825,249300,-35
9,826,249600,-35
9,827,249900,-35
9,828,250200,-35
9,829,250500,-35
9,830,250800,-34
9,831,251100,-36
9,832,251400,-34
9,833,251700,-34
9,834,252000,-34
9,835,252300,-35
9,836,252600,-35
9,837,252900,-37
9,838,253200,-35
9,839,253500,-35
9,840,253800,-35
9,841,254100,-36
9,842,254400,-41
9,843,254700,-36
9,844,255000,-38
9,845,255300,-36
9,846,255600,-36
9,847,255900,-36
9,848,256200,-36
9,849,256500,-36
9,850,256800,-38
9,851,257100,-38
9,852,257400,-38
9,853,257700,-39
9,854,258000,-42
9,855,258300,-41
9,856,258600,-40
9,857,258900,-37
9,858,259200,-39
9,859,259500,-40
9,860,259800,-40
9,861,260100,-39
9,862,260400,-39
9,863,260700,-40
9,864,261000,-38
9,865,261300,-40
9,866,261600,-47
9,867,261900,-47
9,868,262200,-44
9,869,262500,-44
9,870,262800,-46
9,871,263100,-42
9,872,263400,-44
9,873,263700,-42
9,874,264000,-40
9,875,264300,-42
9,876,264600,-41
9,877,264900,-42
9,878,265200,-44
9,879,265500,-46
9,880,265800,-47
9,881,266100,-47
9,882,266400,-48
9,883,266700,-47
9,884,267000,-48
9,885,267300,-47
9,886,267600,-47
9,887,267900,-48
9,888,268200,-48
9,889,268500,-48
9,890,268800,-48
9,891,269100,-49
9,892,269400,-49
9,893,269700,-49
9,894,270000,-49
9,895,270300,-49
9,896,270600,-49
9,897,270900,-50
9,898,271200,-48
9,899,271500,-49
9,900,271800,-48
9,901,272100,-48
9,902,272400,-48
9,903,272700,-47
9,904,273000,-48
9,905,273300,-44
9,906,273600,-45
9,907,273900,-44
9,908,274200,-47
9,909,274500,-45
9,910,274800,-43
9,911,275100,-44
9,912,275400,-44
9,913,275700,-43
9,914,276000,-42
9,915,276300,-42
9,916,276600,-42
9,917,276900,-44
9,918,277200,-47
9,919,277500,-47
9,920,277800,-48
9,921,278100,-50
9,922,278400,-54
9,923,278700,-55
9,924,279000,-51
9,925,279300,-51
9,926,279600,-55
9,927,279900,-53
9,928,280200,-50
9,929,280500,-54
9,930,280800,-49
9,931,281100,-44
9,932,281400,-48
9,933,281700,-51
9,934,282000,-49
9,935,282300,-49
9,936,282600,-42
9,937,282900,-38
9,938,283200,-38
9,939,283500,-37
9,940,283800,-37
9,941,284100,-35
9,942,284400,-40
9,943,284700,-38
9,944,285000,-41
9,945,285300,-41
9,946,285600,-38
9,947,285900,-36
9,948,286200,-37
9,949,286500,-40
9,950,286800,-41
9,951,287100,-41
9,952,287400,-39
9,953,287700,-38
9,954,288000,-46
9,955,288300,-44
9,956,288600,-47
9,957,288900,-50
9,958,289200,-49
9,959,289500,-59
9,960,289800,-67
9,961,290100,-57
9,962,290400,-56
9,963,290700,-61
9,964,291000,-46
9,965,291300,-44
9,966,291600,-50
9,967,291900,-41
9,968,292200,-38
9,969,292500,-41
9,970,292800,-47
9,971,293100,-40
9,972,293400,-39
9,973,293700,-40
9,974,294000,-39
9,975,294300,-38
9,976,294600,-41
9,977,294900,-38
9,978,295200,-38
9,979,295500,-38
9,980,295800,-38
9,981,296100,-37
9,982,296400,-38
9,983,296700,-39
9,984,297000,-38
9,985,297300,-38
9,986,297600,-37
9,987,297900,-38
9,988,298200,-40
9,989,298500,-40
9,990,298800,-39
9,991,299100,-38
9,992,299400,-38
9,993,299700,-38
9,994,300000,-38
9,995,300300,-39
9,996,300600,-39
9,997,300900,-39
9,998,301200,-38
9,999,301500,-38
9,1000,301800,-40
9,1001,302100,-38
9,1002,302400,-37
9,1003,302700,-39
9,1004,303000,-39
9,1005,303300,-40
9,1006,303600,-40
9,1007,303900,-39
9,1008,304200,-39
9,1009,304500,-42
9,1010,304800,-39
9,1011,305100,-38
9,1012,305400,-38
9,1013,305700,-40
9,1014,306000,-37
9,1015,306300,-37
9,1016,306600,-36
9,1017,306900,-36
9,1018,307200,-36
9,1019,307500,-36
9,1020,307800,-37
9,1021,308100,-37
9,1022,308400,-36
9,1023,308700,-36
9,1024,309000,-35
9,1025,309300,-37
9,1025,309300,-36
9,1026,309600,-37
9,1027,309900,-37
9,1028,310200,-39
9,1029,310500,-38
9,1030,310800,-39
9,1031,311100,-39
9,1032,311400,-40
9,1033,311700,-41
9,1034,312000,-40
9,1035,312300,-38
9,1036,312600,-38
9,1037,312900,-38
9,1038,313200,-36
9,1039,313500,-36
9,1040,313800,-36
9,1041,314100,-36
9,1042,314400,-36
9,1043,314700,-36
9,1044,315000,-37
9,1045,315300,-37
9,1046,315600,-37
9,1047,315900,-38
9,1048,316200,-38
9,1049,316500,-38
9,1050,316800,-38
9,1051,317100,-38
9,1052,317400,-38
9,1053,317700,-38
9,1054,318000,-38
9,1055,318300,-40
9,1056,318600,-38
9,1057,318900,-38
9,1058,319200,-38
9,1059,319500,-38
9,1060,319800,-39
9,1061,320100,-40
9,1062,320400,-39
9,1063,320700,-39
9,1064,321000,-41
9,1065,321300,-38
9,1066,321600,-38
9,1067,321900,-37
9,1068,322200,-35
9,1069,322500,-36
9,1070,322800,-35
9,1071,323100,-36
9,1072,323400,-36
9,1073,323700,-35
9,1074,324000,-36
9,1075,324300,-36
9,1076,324600,-38
9,1077,324900,-40
9,1078,325200,-38
9,1079,325500,-37
9,1080,325800,-39
9,1081,326100,-35
9,1082,326400,-35
9,1083,326700,-36
9,1084,327000,-36
9,1085,327300,-39
9,1086,327600,-37
9,1087,327900,-37
9,1088,328200,-38
9,1089,328500,-37
9,1090,328800,-36
9,1091,329100,-37
9,1092,329400,-36
9,1093,329700,-36
9,1094,330000,-37
9,1095,330300,-38
9,1096,330600,-38
9,1097,330900,-37
9,1098,331200,-36
9,1099,331500,-38
9,1100,331800,-38
9,1101,332100,-40
9,1102,332400,-41
9,1103,332700,-38
9,1104,333000,-40
9,1105,333300,-40
9,1106,333600,-38
9,1107,333900,-40
9,1108,334200,-38
9,1109,334500,-38
9,1110,334800,-36
9,1111,335100,-38
9,1112,335400,-42
9,1113,335700,-44
9,1114,336000,-35
9,1115,336300,-36
9,1116,336600,-39
9,1117,336900,-38
9,1118,337200,-38
9,1119,337500,-38
9,1120,337800,-37
9,1121,338100,-38
9,1122,338400,-36
9,1123,338700,-42
9,1124,339000,-50
9,1125,339300,-38
9,1126,339600,-34
9,1127,339900,-38
9,1128,340200,-37
9,1129,340500,-41
9,1130,340800,-38
9,1131,341100,-38
9,1132,341400,-42
9,1133,341700,-40
9,1134,342000,-39
9,1135,342300,-40
9,1136,342600,-42
9,1137,342900,-42
9,1138,343200,-41
9,1139,343500,-42
9,1140,343800,-39
9,1141,344100,-41
9,1142,344400,-44
9,1143,344700,-43
9,1144,345000,-43
9,1145,345300,-43
9,1146,345600,-42
9,1147,345900,-43
9,1148,346200,-45
9,1149,346500,-46
9,1150,346800,-47
9,1151,347100,-46
9,1152,347400,-44
9,1153,347700,-43
9,1154,348000,-42
9,1155,348300,-47
9,1156,348600,-45
9,1157,348900,-46
9,1158,349200,-48
9,1159,349500,-51
9,1160,349800,-49
9,1161,350100,-45
9,1162,350400,-39
9,1163,350700,-41
9,1164,351000,-42
9,1165,351300,-39
9,1166,351600,-38
9,1167,351900,-37
9,1168,352200,-37
9,1169,352500,-37
9,1170,352800,-38
9,1171,353100,-38
9,1172,353400,-37
9,1173,353700,-37
9,1174,354000,-38
9,1175,354300,-38
9,1176,354600,-38
9,1177,354900,-38
9,1178,355200,-37
9,1179,355500,-38
9,1180,355800,-38
9,1181,356100,-37
9,1182,356400,-37
9,1183,356700,-37
9,1184,357000,-38
9,1185,357300,-38
9,1186,357600,-38
9,1187,357900,-38
9,1188,358200,-38
9,1189,358500,-37
9,1190,358800,-37
9,1191,359100,-37
9,1192,359400,-36
9,1193,359700,-36
9,1194,360000,-40
9,1195,360300,-38
9,1196,360600,-39
9,1197,360900,-41
9,1198,361200,-41
9,1199,361500,-41
9,1200,361800,-41
9,1201,362100,-40
9,1202,362400,-40
9,1203,362700,-41
9,1204,363000,-39
9,1205,363300,-51
9,1206,363600,-54
9,1207,363900,-56
9,1208,364200,-53
9,1209,364500,-50
9,1210,364800,-54
9,1211,365100,-56
9,1212,365400,-46
9,1213,365700,-43
9,1214,366000,-44
9,1215,366300,-48
9,1216,366600,-47
9,1217,366900,-44
9,1218,367200,-43
9,1219,367500,-44
10,1220,367800,-43
10,1221,368100,-43
10,1222,368400,-42
10,1223,368700,-43
10,1224,369000,-45
10,1225,369300,-43
10,1226,369600,-41
10,1227,369900,-40
10,1228,370200,-40
10,1229,370500,-44
10,1230,370800,-43
10,1231,371100,-44
10,1232,371400,-47
10,1233,371700,-47
10,1234,372000,-43
10,1235,372300,-41
10,1236,372600,-47
10,1237,372900,-54
10,1238,373200,-65
10,1239,373500,-55
10,1240,373800,-51
10,1241,374100,-55
10,1242,374400,-57
10,1243,374700,-54
10,1244,375000,-50
10,1245,375300,-43
10,1246,375600,-42
10,1247,375900,-42
10,1248,376200,-42
10,1249,376500,-45
10,1250,376800,-48
10,1251,377100,-50
10,1252,377400,-44
10,1253,377700,-42
10,1254,378000,-42
10,1255,378300,-42
10,1256,378600,-44
10,1257,378900,-44
10,1258,379200,-48
10,1259,379500,-50
10,1260,379800,-48
10,1261,380100,-54
10,1262,380400,-44
10,1263,380700,-50
10,1264,381000,-48
10,1265,381300,-49
10,1266,381600,-46
10,1267,381900,-48
10,1268,382200,-45
10,1269,382500,-47
10,1270,382800,-46
10,1271,383100,-46
10,1272,383400,-46
10,1273,383700,-46
10,1274,384000,-46
10,1275,384300,-47
10,1276,384600,-46
10,1277,384900,-47
10,1278,385200,-45
10,1279,385500,-46
10,1280,385800,-45
10,1281,386100,-44
10,1282,386400,-45
10,1283,386700,-43
10,1284,387000,-42
10,1285,387300,-44
10,1286,387600,-44
10,1287,387900,-50
10,1288,388200,-49
10,1289,388500,-46
10,1290,388800,-44
10,1291,389100,-44
10,1292,389400,-44
10,1293,389700,-44
10,1294,390000,-47
10,1295,390300,-46
10,1296,390600,-47
10,1297,390900,-47
10,1298,391200,-46
10,1299,391500,-46
10,1300,391800,-46
10,1301,392100,-46
10,1302,392400,-47
10,1303,392700,-46
10,1304,393000,-47
10,1305,393300,-44
10,1306,393600,-43
10,1307,393900,-44
10,1308,394200,-46
10,1309,394500,-44
10,1310,394800,-44
10,1311,395100,-43
10,1312,395400,-44
10,1313,395700,-44
10,1314,396000,-44
10,1315,396300,-46
10,1316,396600,-54
10,1317,396900,-50
10,1318,397200,-47
10,1319,397500,-45
10,1320,397800,-44
10,1321,398100,-46
10,1322,398400,-47
10,1323,398700,-46
10,1324,399000,-45
10,1325,399300,-45
10,1326,399600,-45
10,1327,399900,-45
10,1328,400200,-44
10,1329,400500,-45
10,1330,400800,-45
10,1331,401100,-45
10,1332,401400,-45
10,1333,401700,-45
10,1334,402000,-45
10,1335,402300,-45
10,1336,402600,-45
10,1337,402900,-45
10,1338,403200,-45
10,1339,403500,-45
10,1340,403800,-45
10,1341,404100,-45
10,1342,404400,-44
10,1343,404700,-44
10,1344,405000,-45
10,1345,405300,-46
10,1346,405600,-48
10,1347,405900,-47
10,1348,406200,-46
10,1349,406500,-44
10,1350,406800,-44
10,1351,407100,-46
10,1352,407400,-47
10,1353,407700,-45
10,1354,408000,-45
10,1355,408300,-56
10,1356,408600,-70
10,1357,408900,-62
10,1358,409200,-55
10,1359,409500,-63
10,1360,409800,-55
10,1361,410100,-47
10,1362,410400,-50
10,1363,410700,-55
11,1364,411000,-53
11,1365,411300,-54
11,1366,411600,-54
11,1367,411900,-50
11,1368,412200,-50
11,1369,412500,-48
11,1370,412800,-45
11,1371,413100,-44
11,1372,413400,-44
11,1373,413700,-43
11,1374,414000,-42
11,1375,414300,-42
11,1376,414600,-40
11,1377,414900,-39
11,1378,415200,-39
11,1379,415500,-41
11,1380,415800,-41
11,1381,416100,-42
11,1382,416400,-42
11,1383,416700,-42
11,1384,417000,-41
11,1385,417300,-40
11,1386,417600,-40
11,1387,417900,-41
11,1388,418200,-39
11,1389,418500,-39
11,1390,418800,-40
11,1391,419100,-41
11,1392,419400,-41
11,1393,419700,-41
11,1394,420000,-42
11,1395,420300,-42
11,1396,420600,-41
11,1397,420900,-41
11,1398,421200,-42
11,1399,421500,-43
11,1400,421800,-43
11,1401,422100,-42
11,1402,422400,-42
11,1403,422700,-41
11,1404,423000,-42
11,1405,423300,-43
11,1406,423600,-42
11,1407,423900,-41
11,1408,424200,-42
11,1409,424500,-42
11,1410,424800,-42
11,1411,425100,-42
11,1412,425400,-42
11,1413,425700,-42
11,1414,426000,-42
11,1415,426300,-41
11,1416,426600,-41
11,1417,426900,-41
11,1418,427200,-41
11,1419,427500,-39
11,1420,427800,-39
11,1421,428100,-40
11,1422,428400,-41
11,1423,428700,-43
11,1424,429000,-41
11,1425,429300,-44
11,1426,429600,-56
11,1427,429900,-57
11,1428,430200,-69
11,1429,430500,-50
11,1430,430800,-45
11,1431,431100,-43
11,1432,431400,-42
11,1433,431700,-47
11,1434,432000,-44
11,1435,432300,-44
11,1436,432600,-44
12,1437,432900,-45
12,1438,433200,-44
12,1439,433500,-44
12,1440,433800,-44
12,1441,434100,-44
12,1442,434400,-44
12,1443,434700,-44
12,1444,435000,-43
12,1445,435300,-44
12,1446,435600,-42
12,1447,435900,-43
12,1448,436200,-42
12,1449,436500,-42
12,1450,436800,-42
12,1451,437100,-43
12,1452,437400,-46
12,1453,437700,-44
12,1454,438000,-43
12,1455,438300,-42
12,1456,438600,-43
12,1457,438900,-44
12,1458,439200,-44
12,1459,439500,-45
12,1460,439800,-44
12,1461,440100,-43
12,1462,440400,-44
12,1463,440700,-44
12,1464,441000,-44
12,1465,441300,-44
12,1466,441600,-44
12,1467,441900,-45
12,1468,442200,-46
12,1469,442500,-49
12,1470,442800,-49
12,1471,443100,-52
12,1472,443400,-52
12,1473,443700,-51
12,1474,444000,-51
12,1475,444300,-51
12,1476,444600,-51
12,1477,444900,-53
12,1478,445200,-52
12,1479,445500,-49
12,1480,445800,-48
12,1481,446100,-47
12,1482,446400,-44
12,1483,446700,-43
12,1484,447000,-45
12,1485,447300,-47
12,1486,447600,-47
12,1487,447900,-47
12,1488,448200,-47
12,1489,448500,-48
12,1490,448800,-48
12,1491,449100,-47
12,1492,449400,-48
12,1493,449700,-47
12,1494,450000,-48
12,1495,450300,-44
12,1496,450600,-44
12,1497,450900,-47
12,1498,451200,-50
12,1499,451500,-52
12,1500,451800,-53
12,1501,452100,-50
12,1502,452400,-50
12,1503,452700,-51
12,1504,453000,-50
12,1505,453300,-51
12,1506,453600,-50
12,1507,453900,-53
12,1508,454200,-48
12,1509,454500,-44
12,1510,454800,-45
12,1511,455100,-49
12,1512,455400,-50
12,1513,455700,-50
12,1514,456000,-52
12,1515,456300,-50
12,1516,456600,-48
12,1517,456900,-45
12,1518,457200,-47
12,1519,457500,-46
12,1520,457800,-50
12,1521,458100,-48
12,1522,458400,-48
12,1523,458700,-47
12,1524,459000,-48
12,1525,459300,-47
12,1526,459600,-47
12,1527,459900,-48
12,1528,460200,-58
12,1529,460500,-50
12,1530,460800,-50
12,1531,461100,-48
12,1532,461400,-48
12,1533,461700,-50
12,1534,462000,-51
12,1535,462300,-50
12,1536,462600,-51
12,1537,462900,-52
12,1538,463200,-50
12,1539,463500,-50
12,1540,463800,-50
12,1541,464100,-51
12,1542,464400,-50
12,1543,464700,-50
12,1544,465000,-50
12,1545,465300,-50
12,1546,465600,-47
12,1547,465900,-48
12,1548,466200,-49
12,1549,466500,-49
12,1550,466800,-49
12,1551,467100,-48
12,1552,467400,-49
12,1553,467700,-50
12,1554,468000,-49
12,1555,468300,-47
12,1556,468600,-45
12,1557,468900,-48
12,1558,469200,-50
12,1559,469500,-54
12,1560,469800,-61
12,1561,470100,-53
12,1562,470400,-53
12,1563,470700,-53
12,1564,471000,-52
12,1565,471300,-51
12,1566,471600,-53
12,1567,471900,-54
12,1568,472200,-51
12,1569,472500,-50
12,1570,472800,-55
12,1571,473100,-49
12,1572,473400,-48
12,1573,473700,-47
12,1574,474000,-50
12,1575,474300,-48
12,1576,474600,-50
12,1577,474900,-50
12,1578,475200,-48
12,1579,475500,-50
12,1580,475800,-50
12,1581,476100,-53
12,1582,476400,-50
12,1583,476700,-50
12,1584,477000,-53
12,1585,477300,-52
12,1586,477600,-50
12,1587,477900,-50
12,1588,478200,-50
12,1589,478500,-52
12,1590,478800,-50
12,1591,479100,-50
12,1592,479400,-50
12,1593,479700,-53
12,1594,480000,-53
12,1595,480300,-53
12,1596,480600,-53
12,1597,480900,-58
12,1598,481200,-57
12,1599,481500,-57
12,1600,481800,-54
12,1601,482100,-54
12,1602,482400,-55
12,1603,482700,-56
12,1604,483000,-60
12,1605,483300,-57
12,1606,483600,-53
12,1607,483900,-52
12,1608,484200,-50
12,1609,484500,-50
12,1610,484800,-50
12,1611,485100,-49
12,1612,485400,-49
12,1613,485700,-48
12,1614,486000,-47
12,1615,486300,-47
12,1616,486600,-46
12,1617,486900,-45
12,1618,487200,-48
12,1619,487500,-48
12,1620,487800,-50
12,1621,488100,-50
12,1622,488400,-50
12,1623,488700,-50
12,1624,489000,-49
12,1625,489300,-49
12,1626,489600,-50
12,1627,489900,-51
12,1628,490200,-50
12,1629,490500,-49
12,1630,490800,-51
12,1631,491100,-60
12,1632,491400,-62
12,1633,491700,-53
12,1634,492000,-55
12,1635,492300,-59
12,1636,492600,-67
12,1637,492900,-59
12,1638,493200,-56
12,1639,493500,-52
12,1640,493800,-53
12,1641,494100,-56
12,1642,494400,-52
12,1643,494700,-56
12,1644,495000,-51
12,1645,495300,-53
12,1646,495600,-54
12,1647,495900,-55
12,1648,496200,-59
12,1649,496500,-58
12,1650,496800,-58
12,1651,497100,-53
12,1652,497400,-55
12,1653,497700,-55
12,1654,498000,-56
12,1655,498300,-58
12,1656,498600,-55
12,1657,498900,-57
12,1658,499200,-53
12,1659,499500,-53
12,1660,499800,-55
12,1661,500100,-54
12,1662,500400,-56
12,1663,500700,-53
12,1664,501000,-53
12,1665,501300,-54
12,1666,501600,-53
12,1667,501900,-53
12,1668,502200,-53
12,1669,502500,-53
12,1670,502800,-54
12,1671,503100,-54
12,1672,503400,-56
12,1673,503700,-60
12,1674,504000,-62
12,1675,504300,-63
12,1676,504600,-76
12,1677,504900,-56
12,1678,505200,-54
12,1679,505500,-54
12,1680,505800,-55
12,1681,506100,-55
12,1682,506400,-55
12,1683,506700,-55
12,1684,507000,-54
12,1685,507300,-55
12,1686,507600,-57
12,1687,507900,-55
12,1688,508200,-50
12,1689,508500,-55
12,1690,508800,-56
12,1691,509100,-55
12,1692,509400,-53
12,1693,509700,-51
12,1694,510000,-51
12,1695,510300,-51
12,1696,510600,-52
12,1697,510900,-53
12,1698,511200,-53
12,1699,511500,-53
12,1700,511800,-52
12,1701,512100,-59
12,1702,512400,-63
12,1703,512700,-67
12,1704,513000,-60
12,1705,513300,-48
12,1706,513600,-49
12,1707,513900,-56
12,1708,514200,-56
12,1709,514500,-58
12,1710,514800,-66
12,1711,515100,-60
12,1712,515400,-58
12,1713,515700,-55
12,1714,516000,-53
12,1715,516300,-53
12,1716,516600,-51
12,1717,516900,-51
12,1718,517200,-51
12,1719,517500,-54
12,1720,517800,-53
12,1721,518100,-53
12,1722,518400,-59
12,1723,518700,-68
12,1724,519000,-66
12,1725,519300,-62
12,1726,519600,-53
12,1727,519900,-47
12,1728,520200,-55
12,1729,520500,-57
12,1730,520800,-55
12,1731,521100,-52
12,1732,521400,-51
12,1733,521700,-54
12,1734,522000,-55
12,1735,522300,-54
12,1736,522600,-55
12,1737,522900,-55
12,1738,523200,-55
12,1739,523500,-54
12,1740,523800,-54
12,1741,524100,-53
12,1742,524400,-54
12,1743,524700,-54
12,1744,525000,-54
12,1745,525300,-51
12,1746,525600,-53
12,1747,525900,-51
12,1748,526200,-50
12,1749,526500,-48
12,1750,526800,-48
12,1751,527100,-47
12,1752,527400,-47
12,1753,527700,-46
12,1754,528000,-45
12,1755,528300,-46
12,1756,528600,-46
12,1757,528900,-46
12,1758,529200,-45
12,1759,529500,-50
12,1760,529800,-68
12,1761,530100,-66
12,1762,530400,-56
12,1763,530700,-52
12,1764,531000,-54
12,1765,531300,-50
12,1766,531600,-51
12,1767,531900,-59
12,1768,532200,-57
12,1769,532500,-56
12,1770,532800,-57
12,1771,533100,-55
12,1772,533400,-58
12,1773,533700,-56
12,1774,534000,-55
12,1775,534300,-60
12,1776,534600,-52
12,1777,534900,-54
12,1778,535200,-50
12,1779,535500,-59
12,1780,535800,-47
12,1781,536100,-46
12,1782,536400,-53
12,1783,536700,-59
12,1784,537000,-47
12,1785,537300,-48
12,1786,537600,-50
12,1787,537900,-50
12,1788,538200,-50
12,1789,538500,-51
12,1790,538800,-51
13,1791,539100,-52
14,1792,539400,-50
14,1793,539700,-51
14,1794,540000,-51
14,1795,540300,-51
14,1796,540600,-50
14,1797,540900,-53
14,1798,541200,-52
14,1799,541500,-51
14,1800,541800,-50
14,1801,542100,-50
14,1802,542400,-50
14,1803,542700,-51
14,1804,543000,-50
14,1805,543300,-50
14,1806,543600,-50
14,1807,543900,-53
14,1808,544200,-56
14,1809,544500,-50
14,1810,544800,-50
14,1811,545100,-49
14,1812,545400,-50
14,1813,545700,-53
14,1814,546000,-55
14,1815,546300,-61
14,1816,546600,-50
14,1817,546900,-54
14,1818,547200,-54
14,1819,547500,-54
14,1820,547800,-50
14,1821,548100,-50
14,1822,548400,-50
14,1823,548700,-50
14,1824,549000,-50
14,1825,549300,-50
14,1826,549600,-53
14,1827,549900,-45
14,1828,550200,-44
14,1829,550500,-45
14,1830,550800,-44
14,1831,551100,-43
14,1832,551400,-45
14,1833,551700,-46
14,1834,552000,-44
14,1835,552300,-44
14,1836,552600,-44
14,1837,552900,-44
14,1838,553200,-44
14,1839,553500,-44
14,1840,553800,-44
14,1841,554100,-45
14,1842,554400,-45
14,1843,554700,-45
14,1844,555000,-45
14,1845,555300,-45
14,1846,555600,-44
14,1847,555900,-44
14,1848,556200,-45
14,1849,556500,-47
14,1850,556800,-47
14,1851,557100,-47
14,1852,557400,-47
14,1853,557700,-46
14,1854,558000,-47
14,1855,558300,-46
14,1856,558600,-45
14,1857,558900,-45
14,1858,559200,-50
14,1859,559500,-51
14,1860,559800,-50
14,1861,560100,-50
14,1862,560400,-53
14,1863,560700,-54
14,1864,561000,-53
14,1865,561300,-52
14,1866,561600,-45
14,1867,561900,-44
14,1868,562200,-44
14,1869,562500,-44
14,1870,562800,-48
14,1871,563100,-47
14,1872,563400,-48
14,1873,563700,-47
14,1874,564000,-48
14,1875,564300,-48
14,1876,564600,-48
14,1877,564900,-48
14,1878,565200,-47
14,1879,565500,-47
14,1880,565800,-48
14,1881,566100,-48
14,1882,566400,-48
14,1883,566700,-49
14,1884,567000,-50
14,1885,567300,-48
14,1886,567600,-51
14,1887,567900,-48
14,1888,568200,-51
14,1889,568500,-48
14,1890,568800,-49
14,1891,569100,-47
14,1892,569400,-57
14,1893,569700,-54
14,1894,570000,-66
14,1895,570300,-61
14,1896,570600,-69
14,1897,570900,-67
14,1898,571200,-62
14,1899,571500,-61
14,1900,571800,-59
14,1901,572100,-59
14,1902,572400,-57
14,1903,572700,-58
14,1904,573000,-60
14,1905,573300,-65
14,1906,573600,-59
14,1907,573900,-59
14,1908,574200,-57
14,1909,574500,-56
14,1910,574800,-59
14,1911,575100,-60
14,1912,575400,-66
14,1913,575700,-73
14,1914,576000,-68
14,1915,576300,-66
14,1916,576600,-57
14,1917,576900,-48
14,1918,577200,-52
14,1919,577500,-56
14,1920,577800,-53
14,1921,578100,-46
14,1922,578400,-47
14,1923,578700,-48
14,1924,579000,-52
14,1925,579300,-53
14,1926,579600,-56
14,1927,579900,-52
14,1928,580200,-49
14,1929,580500,-48
14,1930,580800,-49
14,1931,581100,-49
15,1932,581400,-47
15,1933,581700,-48
15,1934,582000,-48
15,1935,582300,-47
15,1936,582600,-48
15,1937,582900,-48
15,1938,583200,-47
15,1939,583500,-51
15,1940,583800,-52
15,1941,584100,-52
15,1942,584400,-51
15,1943,584700,-51
15,1944,585000,-50
15,1945,585300,-50
15,1946,585600,-50
15,1947,585900,-50
15,1948,586200,-50
15,1949,586500,-50
15,1950,586800,-50
15,1951,587100,-50
15,1952,587400,-50
15,1953,587700,-50
15,1954,588000,-50
15,1955,588300,-50
15,1956,588600,-50
15,1957,588900,-49
15,1958,589200,-50
15,1959,589500,-56
15,1960,589800,-59
15,1961,590100,-53
15,1962,590400,-57
15,1963,590700,-56
15,1964,591000,-54
15,1965,591300,-56
15,1966,591600,-54
15,1967,591900,-56
15,1968,592200,-57
15,1969,592500,-54
15,1970,592800,-56
15,1971,593100,-54
15,1972,593400,-55
15,1973,593700,-55
15,1974,594000,-57
15,1975,594300,-55
15,1976,594600,-55
15,1977,594900,-54
15,1978,595200,-56
15,1979,595500,-56
15,1980,595800,-54
15,1981,596100,-54
15,1982,596400,-50
15,1983,596700,-48
15,1984,597000,-53
15,1985,597300,-52
15,1986,597600,-60
15,1987,597900,-56
15,1988,598200,-50
15,1989,598500,-46
15,1990,598800,-52
15,1991,599100,-49
15,1992,599400,-68
15,1993,599700,-49
15,1994,600000,-47
15,1995,600300,-46
15,1996,600600,-45
15,1997,600900,-50
15,1998,601200,-56
15,1999,601500,-51
15,2000,601800,-54
15,2001,602100,-53
15,2002,602400,-47
15,2003,602700,-44
15,2004,603000,-44
15,2005,603300,-46
15,2006,603600,-45
15,2007,603900,-47
15,2008,604200,-50
15,2009,604500,-50
15,2010,604800,-53
15,2011,605100,-58
15,2012,605400,-57
15,2013,605700,-61
15,2014,606000,-59
15,2015,606300,-63
15,2016,606600,-61
15,2017,606900,-56
15,2018,607200,-57
15,2019,607500,-56
15,2020,607800,-56
15,2021,608100,-59
15,2022,608400,-59
15,2023,608700,-60
15,2024,609000,-66
15,2025,609300,-63
15,2026,609600,-62
15,2027,609900,-62
15,2028,610200,-65
17,2029,610500,-65
17,2030,610800,-60
17,2031,611100,-59
17,2032,611400,-60
17,2033,611700,-60
17,2034,612000,-64
17,2035,612300,-65
17,2036,612600,-63
17,2037,612900,-60
17,2038,613200,-60
17,2039,613500,-55
17,2040,613800,-57
17,2041,614100,-56
17,2042,614400,-56
17,2043,614700,-56
17,2044,615000,-55
17,2045,615300,-56
17,2046,615600,-58
17,2047,615900,-58
17,2048,616200,-58
17,2049,616500,-59
17,2050,616800,-60
17,2051,617100,-62
17,2052,617400,-62
17,2053,617700,-60
17,2054,618000,-60
17,2055,618300,-66
17,2056,618600,-61
17,2057,618900,-61
17,2058,619200,-68
17,2059,619500,-64
17,2060,619800,-61
17,2061,620100,-60
17,2062,620400,-60
17,2063,620700,-58
17,2064,621000,-59
17,2065,621300,-68
17,2066,621600,-57
17,2067,621900,-51
17,2068,622200,-51
17,2069,622500,-47
17,2070,622800,-49
17,2071,623100,-49
17,2072,623400,-48
17,2073,623700,-47
17,2074,624000,-50
17,2075,624300,-50
17,2076,624600,-46
17,2077,624900,-45
17,2078,625200,-46
17,2079,625500,-46
17,2080,625800,-46
17,2081,626100,-47
17,2082,626400,-45
17,2083,626700,-47
17,2084,627000,-53
17,2085,627300,-53
17,2086,627600,-65
17,2087,627900,-55
17,2088,628200,-56
17,2089,628500,-51
17,2090,628800,-52
17,2091,629100,-52
18,2092,629400,-53
18,2093,629700,-53
18,2094,630000,-53
18,2095,630300,-52
18,2096,630600,-55
18,2097,630900,-51
18,2098,631200,-51
18,2099,631500,-51
18,2100,631800,-53
18,2101,632100,-57
18,2102,632400,-56
18,2103,632700,-55
18,2104,633000,-51
18,2105,633300,-51
18,2106,633600,-52
18,2107,633900,-51
18,2108,634200,-52
18,2109,634500,-50
18,2110,634800,-50
18,2111,635100,-50
18,2112,635400,-48
18,2113,635700,-50
18,2114,636000,-51
18,2115,636300,-52
18,2116,636600,-50
18,2117,636900,-53
18,2118,637200,-59
18,2119,637500,-51
18,2120,637800,-53
18,2121,638100,-50
18,2122,638400,-54
18,2123,638700,-54
18,2124,639000,-53
18,2125,639300,-51
18,2126,639600,-49
18,2127,639900,-49
18,2128,640200,-49
18,2129,640500,-48
18,2130,640800,-48
18,2131,641100,-48
18,2132,641400,-47
18,2133,641700,-51
18,2134,642000,-48
18,2135,642300,-50
18,2136,642600,-49
18,2137,642900,-48
18,2138,643200,-47
18,2139,643500,-48
18,2140,643800,-48
18,2141,644100,-48
18,2142,644400,-48
18,2143,644700,-48
18,2144,645000,-48
18,2145,645300,-50
18,2146,645600,-49
18,2147,645900,-50
18,2148,646200,-50
18,2149,646500,-50
18,2150,646800,-50
18,2151,647100,-50
18,2152,647400,-49
18,2153,647700,-48
18,2154,648000,-49
18,2155,648300,-49
18,2156,648600,-48
18,2157,648900,-50
18,2158,649200,-55
18,2159,649500,-56
18,2160,649800,-57
18,2161,650100,-59
18,2162,650400,-60
18,2163,650700,-61
18,2164,651000,-59
18,2165,651300,-54
18,2166,651600,-59
18,2167,651900,-53
18,2168,652200,-54
18,2169,652500,-54
18,2170,652800,-56
18,2171,653100,-61
18,2172,653400,-77
18,2173,653700,-69
18,2174,654000,-65
18,2175,654300,-61
18,2176,654600,-62
18,2177,654900,-76
18,2178,655200,-59
18,2179,655500,-56
18,2180,655800,-50
18,2181,656100,-51
18,2182,656400,-57
18,2183,656700,-56
18,2184,657000,-50
18,2185,657300,-48
18,2186,657600,-55
18,2187,657900,-49
18,2188,658200,-50
18,2189,658500,-66
18,2190,658800,-49
18,2191,659100,-49
18,2192,659400,-49
18,2193,659700,-46
18,2194,660000,-47
18,2195,660300,-49
18,2196,660600,-49
18,2197,660900,-48
18,2198,661200,-49
20,2199,661500,-50
20,2200,661800,-50
20,2201,662100,-48
20,2202,662400,-49
20,2203,662700,-48
20,2204,663000,-49
20,2205,663300,-50
20,2206,663600,-53
20,2207,663900,-56
20,2208,664200,-56
20,2209,664500,-56
20,2210,664800,-62
20,2211,665100,-57
20,2212,665400,-69
20,2213,665700,-68
20,2214,666000,-53
20,2215,666300,-50
20,2216,666600,-47
20,2217,666900,-47
20,2218,667200,-46
20,2219,667500,-46
20,2220,667800,-48
20,2221,668100,-48
20,2222,668400,-49
20,2223,668700,-48
20,2224,669000,-50
20,2225,669300,-49
20,2226,669600,-48
20,2227,669900,-48
20,2228,670200,-48
20,2229,670500,-48
20,2230,670800,-49
20,2231,671100,-48
20,2232,671400,-48
20,2233,671700,-48
20,2234,672000,-48
20,2235,672300,-48
20,2236,672600,-48
20,2237,672900,-48
20,2238,673200,-48
20,2239,673500,-48
20,2240,673800,-48
20,2241,674100,-48
20,2242,674400,-48
20,2243,674700,-48
20,2244,675000,-48
20,2245,675300,-49
20,2246,675600,-50
20,2247,675900,-54
20,2248,676200,-62
20,2249,676500,-63
20,2250,676800,-68
20,2251,677100,-67
20,2252,677400,-60
20,2253,677700,-56
20,2254,678000,-55
20,2255,678300,-54
20,2256,678600,-59
20,2257,678900,-52
20,2258,679200,-69
20,2259,679500,-49
20,2260,679800,-48
20,2261,680100,-56
20,2262,680400,-46
20,2263,680700,-49
20,2264,681000,-55
20,2265,681300,-50
20,2266,681600,-56
20,2267,681900,-61
20,2268,682200,-49
20,2269,682500,-48
20,2270,682800,-48
20,2271,683100,-48
20,2272,683400,-47
20,2273,683700,-46
20,2274,684000,-48
20,2275,684300,-50
20,2276,684600,-51
20,2277,684900,-53
20,2278,685200,-53
20,2279,685500,-51
21,2280,685800,-50
21,2281,686100,-51
21,2282,686400,-62
21,2283,686700,-49
21,2284,687000,-48
21,2285,687300,-48
21,2286,687600,-52
21,2287,687900,-54
21,2288,688200,-55
21,2289,688500,-61
21,2290,688800,-51
21,2291,689100,-56
21,2292,689400,-57
21,2293,689700,-62
21,2294,690000,-61
21,2295,690300,-58
21,2296,690600,-57
21,2297,690900,-57
21,2298,691200,-60
21,2299,691500,-62
21,2300,691800,-49
21,2301,692100,-48
21,2302,692400,-47
21,2303,692700,-48
21,2304,693000,-49
21,2305,693300,-49
21,2306,693600,-50
21,2307,693900,-52
21,2308,694200,-52
21,2309,694500,-53
21,2310,694800,-55
21,2311,695100,-51
21,2312,695400,-50
21,2313,695700,-55
21,2314,696000,-50
21,2315,696300,-50
21,2316,696600,-52
21,2317,696900,-55
21,2318,697200,-57
21,2319,697500,-54
21,2320,697800,-53
21,2321,698100,-53
21,2322,698400,-50
21,2323,698700,-48
21,2324,699000,-47
21,2325,699300,-50
21,2326,699600,-53
21,2327,699900,-59
21,2328,700200,-60
21,2329,700500,-53
21,2330,700800,-54
21,2331,701100,-56
21,2332,701400,-56
21,2333,701700,-59
21,2334,702000,-68
21,2335,702300,-66
21,2336,702600,-60
21,2337,702900,-62
21,2338,703200,-62
21,2339,703500,-60
21,2340,703800,-56
21,2341,704100,-56
21,2342,704400,-57
21,2343,704700,-64
21,2344,705000,-66
21,2345,705300,-59
21,2346,705600,-72
21,2347,705900,-67
21,2348,706200,-66
21,2349,706500,-72
21,2350,706800,-56
21,2351,707100,-59
21,2352,707400,-59
21,2353,707700,-54
21,2354,708000,-50
21,2355,708300,-53
21,2356,708600,-50
21,2357,708900,-50
21,2358,709200,-50
21,2359,709500,-51
21,2360,709800,-50
21,2361,710100,-50
21,2362,710400,-52
21,2363,710700,-51
21,2364,711000,-50
21,2365,711300,-50
21,2366,711600,-51
21,2367,711900,-50
21,2368,712200,-52
21,2369,712500,-51
21,2370,712800,-52
21,2371,713100,-51
21,2372,713400,-52
21,2373,713700,-52
21,2374,714000,-53
21,2375,714300,-51
21,2376,714600,-51
21,2377,714900,-51
21,2378,715200,-51
21,2379,715500,-53
21,2380,715800,-50
21,2381,716100,-49
21,2382,716400,-53
21,2383,716700,-48
21,2384,717000,-48
21,2385,717300,-50
21,2386,717600,-53
21,2387,717900,-53
21,2388,718200,-52
21,2389,718500,-52
21,2390,718800,-50
21,2391,719100,-53
21,2392,719400,-55
21,2393,719700,-52
21,2394,720000,-50
21,2395,720300,-54
21,2396,720600,-54
21,2397,720900,-55
21,2398,721200,-54
21,2399,721500,-59
21,2400,721800,-60
21,2401,722100,-53
21,2402,722400,-50
21,2403,722700,-56
21,2404,723000,-54
21,2405,723300,-53
21,2406,723600,-62
21,2407,723900,-62
21,2408,724200,-53
21,2409,724500,-61
21,2410,724800,-55
21,2411,725100,-50
21,2412,725400,-51
21,2413,725700,-53
21,2414,726000,-50
21,2415,726300,-49
21,2416,726600,-54
22,2417,726900,-50
22,2418,727200,-49
22,2419,727500,-50
22,2420,727800,-51
22,2421,728100,-51
22,2422,728400,-50
22,2423,728700,-50
22,2424,729000,-48
22,2425,729300,-49
22,2426,729600,-51
22,2427,729900,-51
22,2428,730200,-49
22,2429,730500,-50
22,2430,730800,-52
22,2431,731100,-50
22,2432,731400,-50
22,2433,731700,-48
22,2434,732000,-45
22,2435,732300,-46
22,2436,732600,-47
22,2437,732900,-48
22,2438,733200,-48
22,2439,733500,-49
22,2440,733800,-49
22,2441,734100,-50
22,2442,734400,-50
22,2443,734700,-50
22,2444,735000,-49
22,2445,735300,-49
22,2446,735600,-49
22,2447,735900,-48
22,2448,736200,-51
22,2449,736500,-54
22,2450,736800,-48
22,2451,737100,-49
22,2452,737400,-49
22,2453,737700,-47
22,2454,738000,-45
22,2455,738300,-49
22,2456,738600,-49
22,2457,738900,-61
22,2458,739200,-56
22,2459,739500,-53
22,2460,739800,-52
22,2461,740100,-49
22,2462,740400,-52
22,2463,740700,-55
22,2464,741000,-49
22,2465,741300,-49
22,2466,741600,-49
22,2467,741900,-50
22,2468,742200,-51
22,2469,742500,-64
22,2470,742800,-64
22,2471,743100,-62
22,2472,743400,-65
22,2473,743700,-54
22,2474,744000,-57
22,2475,744300,-58
22,2476,744600,-55
22,2477,744900,-51
22,2478,745200,-50
22,2479,745500,-50
22,2480,745800,-49
22,2481,746100,-49
22,2482,746400,-56
22,2483,746700,-60
22,2484,747000,-56
22,2485,747300,-55
22,2486,747600,-73
22,2487,747900,-60
22,2488,748200,-59
22,2489,748500,-63
22,2490,748800,-67
22,2491,749100,-65
22,2492,749400,-60
22,2493,749700,-60
22,2494,750000,-60
22,2495,750300,-60
22,2496,750600,-54
22,2497,750900,-53
22,2498,751200,-56
22,2499,751500,-53
22,2500,751800,-53
22,2501,752100,-51
22,2502,752400,-52
22,2503,752700,-52
22,2504,753000,-52
22,2505,753300,-53
22,2506,753600,-50
22,2507,753900,-50
22,2508,754200,-52
22,2509,754500,-50
22,2510,754800,-50
22,2511,755100,-52
22,2512,755400,-53
22,2513,755700,-51
22,2514,756000,-56
22,2515,756300,-53
22,2516,756600,-53
22,2517,756900,-53
22,2518,757200,-53
22,2519,757500,-53
22,2520,757800,-53
22,2521,758100,-53
22,2522,758400,-53
22,2523,758700,-53
22,2524,759000,-54
22,2525,759300,-55
22,2526,759600,-55
22,2527,759900,-54
22,2528,760200,-56
22,2529,760500,-54
22,2530,760800,-53
22,2531,761100,-52
22,2532,761400,-51
22,2533,761700,-52
22,2534,762000,-51
22,2535,762300,-52
22,2536,762600,-51
22,2537,762900,-53
22,2538,763200,-55
22,2539,763500,-53
22,2540,763800,-53
22,2541,764100,-52
22,2542,764400,-51
22,2543,764700,-53
22,2544,765000,-53
22,2545,765300,-54
22,2546,765600,-53
22,2547,765900,-48
22,2548,766200,-49
22,2549,766500,-49
22,2550,766800,-50
22,2551,767100,-49
22,2552,767400,-51
22,2553,767700,-49
22,2554,768000,-50
22,2555,768300,-50
22,2556,768600,-50
22,2557,768900,-51
22,2558,769200,-51
22,2559,769500,-52
22,2560,769800,-51
22,2561,770100,-50
22,2562,770400,-50
22,2563,770700,-50
22,2564,771000,-50
22,2565,771300,-51
22,2566,771600,-50
22,2567,771900,-49
22,2568,772200,-49
22,2569,772500,-49
22,2570,772800,-50
22,2571,773100,-50
22,2572,773400,-52
22,2573,773700,-53
22,2574,774000,-53
22,2575,774300,-52
22,2576,774600,-52
22,2577,774900,-51
22,2578,775200,-50
22,2579,775500,-50
22,2580,775800,-51
22,2581,776100,-53
22,2582,776400,-50
22,2583,776700,-49
22,2584,777000,-55
22,2585,777300,-56
22,2586,777600,-56
22,2587,777900,-60
22,2588,778200,-57
22,2589,778500,-53
22,2590,778800,-51
22,2591,779100,-60
22,2592,779400,-57
22,2593,779700,-56
22,2594,780000,-56
23,2595,780300,-54
23,2596,780600,-56
23,2597,780900,-59
23,2598,781200,-56
23,2599,781500,-55
23,2600,781800,-58
23,2601,782100,-54
23,2602,782400,-54
23,2603,782700,-55
23,2604,783000,-53
23,2605,783300,-55
23,2606,783600,-55
23,2607,783900,-54
23,2608,784200,-54
23,2609,784500,-54
23,2610,784800,-54
23,2611,785100,-54
23,2612,785400,-55
23,2613,785700,-55
23,2614,786000,-56
23,2615,786300,-54
23,2616,786600,-54
23,2617,786900,-54
23,2618,787200,-56
23,2619,787500,-56
23,2620,787800,-56
23,2621,788100,-54
23,2622,788400,-54
23,2623,788700,-55
23,2624,789000,-59
23,2625,789300,-58
23,2626,789600,-54
23,2627,789900,-57
23,2628,790200,-59
23,2629,790500,-63
23,2630,790800,-58
23,2631,791100,-55
23,2632,791400,-52
23,2633,791700,-53
23,2634,792000,-52
23,2635,792300,-53
23,2636,792600,-52
23,2637,792900,-51
23,2638,793200,-52
23,2639,793500,-51
23,2640,793800,-54
23,2641,794100,-51
23,2642,794400,-51
23,2643,794700,-50
23,2644,795000,-50
23,2645,795300,-51
23,2646,795600,-52
23,2647,795900,-53
23,2648,796200,-50
23,2649,796500,-50
23,2650,796800,-50
23,2651,797100,-51
23,2652,797400,-53
23,2653,797700,-56
23,2654,798000,-53
23,2655,798300,-51
23,2656,798600,-51
23,2657,798900,-50
23,2658,799200,-60
23,2659,799500,-54
23,2660,799800,-54
23,2661,800100,-69
23,2662,800400,-65
23,2663,800700,-56
23,2664,801000,-51
23,2665,801300,-50
23,2666,801600,-48
23,2667,801900,-49
24,2668,802200,-48
24,2669,802500,-48
24,2670,802800,-49
24,2671,803100,-50
24,2672,803400,-49
24,2673,803700,-50
24,2674,804000,-50
24,2675,804300,-50
24,2676,804600,-50
24,2677,804900,-49
24,2678,805200,-49
24,2679,805500,-50
24,2680,805800,-50
24,2681,806100,-48
24,2682,806400,-48
24,2683,806700,-48
24,2684,807000,-51
24,2685,807300,-48
24,2686,807600,-48
24,2687,807900,-47
24,2688,808200,-48
24,2689,808500,-48
24,2690,808800,-48
24,2691,809100,-47
24,2692,809400,-47
24,2693,809700,-48
24,2694,810000,-47
24,2695,810300,-47
24,2696,810600,-48
24,2697,810900,-48
24,2698,811200,-48
24,2699,811500,-48
24,2700,811800,-49
24,2701,812100,-48
24,2702,812400,-48
24,2703,812700,-50
24,2704,813000,-52
24,2705,813300,-51
24,2706,813600,-50
24,2707,813900,-52
24,2708,814200,-50
24,2709,814500,-50
24,2710,814800,-51
24,2711,815100,-52
24,2712,815400,-52
24,2713,815700,-52
24,2714,816000,-50
24,2715,816300,-50
24,2716,816600,-50
24,2717,816900,-50
24,2718,817200,-52
24,2719,817500,-52
24,2720,817800,-52
24,2721,818100,-51
24,2722,818400,-52
24,2723,818700,-53
24,2724,819000,-52
24,2725,819300,-52
24,2726,819600,-53
24,2727,819900,-52
24,2728,820200,-52
24,2729,820500,-52
24,2730,820800,-53
24,2731,821100,-53
24,2732,821400,-53
24,2733,821700,-53
24,2734,822000,-52
24,2735,822300,-50
24,2736,822600,-48
24,2737,822900,-48
24,2738,823200,-49
24,2739,823500,-49
24,2740,823800,-50
24,2741,824100,-49
24,2742,824400,-48
24,2743,824700,-48
24,2744,825000,-49
24,2745,825300,-50
24,2746,825600,-54
24,2747,825900,-61
24,2748,826200,-54
24,2749,826500,-50
24,2750,826800,-52
24,2751,827100,-59
24,2752,827400,-60
24,2753,827700,-59
24,2754,828000,-58
25,2755,828300,-60
25,2756,828600,-60
25,2757,828900,-59
25,2758,829200,-56
25,2759,829500,-55
25,2760,829800,-54
25,2761,830100,-52
25,2762,830400,-53
25,2763,830700,-53
25,2764,831000,-55
25,2765,831300,-55
25,2766,831600,-54
25,2767,831900,-52
25,2768,832200,-50
25,2769,832500,-50
25,2770,832800,-50
25,2771,833100,-50
25,2772,833400,-50
25,2773,833700,-51
25,2774,834000,-52
25,2775,834300,-55
25,2776,834600,-52
25,2777,834900,-54
25,2778,835200,-55
25,2779,835500,-56
25,2780,835800,-55
25,2781,836100,-54
25,2782,836400,-56
25,2783,836700,-56
25,2784,837000,-54
25,2785,837300,-55
25,2786,837600,-60
25,2787,837900,-52
25,2788,838200,-53
25,2789,838500,-56
25,2790,838800,-51
25,2791,839100,-51
25,2792,839400,-51
25,2793,839700,-51
25,2794,840000,-51
25,2795,840300,-52
25,2796,840600,-52
25,2797,840900,-52
25,2798,841200,-53
25,2799,841500,-53
25,2800,841800,-52
25,2801,842100,-52
25,2802,842400,-51
25,2803,842700,-53
25,2804,843000,-54
25,2805,843300,-56
25,2806,843600,-53
25,2807,843900,-53
25,2808,844200,-53
25,2809,844500,-52
25,2810,844800,-53
25,2811,845100,-52
25,2812,845400,-53
25,2813,845700,-54
25,2814,846000,-57
25,2815,846300,-58
25,2816,846600,-58
25,2817,846900,-60
25,2818,847200,-60
25,2819,847500,-61
25,2820,847800,-62
25,2821,848100,-60
25,2822,848400,-55
25,2823,848700,-55
25,2824,849000,-53
25,2825,849300,-53
25,2826,849600,-53
25,2827,849900,-53
25,2828,850200,-53
25,2829,850500,-53
25,2830,850800,-53
25,2831,851100,-53
25,2832,851400,-56
25,2833,851700,-53
25,2834,852000,-53
25,2835,852300,-52
25,2836,852600,-53
25,2837,852900,-53
25,2838,853200,-54
25,2839,853500,-54
25,2840,853800,-53
25,2841,854100,-53
25,2842,854400,-54
25,2843,854700,-53
25,2844,855000,-53
25,2845,855300,-55
25,2846,855600,-53
25,2847,855900,-60
25,2848,856200,-58
25,2849,856500,-54
25,2850,856800,-55
25,2851,857100,-75
25,2852,857400,-68
25,2853,857700,-55
25,2854,858000,-54
26,2855,858300,-53
27,2856,858600,-55
27,2857,858900,-56
27,2858,859200,-56
27,2859,859500,-58
27,2860,859800,-60
27,2861,860100,-61
27,2862,860400,-61
27,2863,860700,-59
27,2864,861000,-56
27,2865,861300,-56
27,2866,861600,-58
27,2867,861900,-59
27,2868,862200,-58
27,2869,862500,-55
27,2870,862800,-55
27,2871,863100,-56
27,2872,863400,-56
27,2873,863700,-62
27,2874,864000,-58
27,2875,864300,-57
27,2876,864600,-58
27,2877,864900,-58
27,2878,865200,-57
27,2879,865500,-59
27,2880,865800,-60
27,2881,866100,-60
27,2882,866400,-59
27,2883,866700,-56
27,2884,867000,-56
27,2885,867300,-57
27,2886,867600,-61
27,2887,867900,-76
27,2888,868200,-65
27,2889,868500,-60
27,2890,868800,-59
27,2891,869100,-60
27,2892,869400,-57
27,2893,869700,-58
27,2894,870000,-56
27,2895,870300,-56
27,2896,870600,-57
27,2897,870900,-56
27,2898,871200,-57
27,2899,871500,-56
27,2900,871800,-56
27,2901,872100,-58
27,2902,872400,-67
27,2903,872700,-64
27,2904,873000,-67
27,2905,873300,-71
27,2906,873600,-65
27,2907,873900,-65
27,2908,874200,-62
27,2909,874500,-59
27,2910,874800,-65
27,2911,875100,-64
27,2912,875400,-65
27,2913,875700,-65
27,2914,876000,-66
27,2915,876300,-65
27,2916,876600,-71
27,2917,876900,-68
27,2918,877200,-63
27,2919,877500,-63
27,2920,877800,-62
27,2921,878100,-60
27,2922,878400,-63
27,2923,878700,-79
27,2924,879000,-69
27,2925,879300,-62
27,2926,879600,-59
27,2927,879900,-58
27,2928,880200,-60
27,2929,880500,-58
27,2930,880800,-58
27,2931,881100,-57
27,2932,881400,-66
27,2933,881700,-60
27,2934,882000,-55
27,2935,882300,-60
27,2936,882600,-65
27,2937,882900,-58
27,2938,883200,-60
27,2939,883500,-57
27,2940,883800,-54
27,2941,884100,-54
27,2942,884400,-53
27,2943,884700,-53
29,2944,885000,-56
29,2945,885300,-54
29,2946,885600,-53
29,2947,885900,-54
29,2948,886200,-55
29,2949,886500,-57
29,2950,886800,-58
29,2951,887100,-55
29,2952,887400,-53
29,2953,887700,-54
29,2954,888000,-55
29,2955,888300,-57
29,2956,888600,-57
29,2957,888900,-57
29,2958,889200,-57
29,2959,889500,-57
29,2960,889800,-56
29,2961,890100,-57
29,2962,890400,-56
29,2963,890700,-56
29,2964,891000,-56
29,2965,891300,-56
29,2966,891600,-56
29,2967,891900,-55
29,2968,892200,-56
29,2969,892500,-59
29,2970,892800,-64
29,2971,893100,-59
29,2972,893400,-59
29,2973,893700,-64
29,2974,894000,-61
29,2975,894300,-62
29,2976,894600,-60
29,2977,894900,-60
29,2978,895200,-61
29,2979,895500,-60
29,2980,895800,-59
29,2981,896100,-59
29,2982,896400,-58
29,2983,896700,-58
29,2984,897000,-60
29,2985,897300,-60
29,2986,897600,-61
29,2987,897900,-60
29,2988,898200,-59
29,2989,898500,-58
29,2990,898800,-55
29,2991,899100,-56
29,2992,899400,-53
29,2993,899700,-52
29,2994,900000,-54
29,2995,900300,-54
29,2996,900600,-59
29,2997,900900,-60
29,2998,901200,-61
29,2999,901500,-65
29,3000,901800,-70
29,3001,902100,-64
29,3002,902400,-60
29,3003,902700,-68
29,3004,903000,-60
29,3005,903300,-56
29,3006,903600,-56
29,3007,903900,-54
29,3008,904200,-53
29,3009,904500,-55
29,3010,904800,-55
29,3011,905100,-54
29,3012,905400,-53
29,3013,905700,-54
29,3014,906000,-56
29,3015,906300,-56
29,3016,906600,-58
29,3017,906900,-59
29,3018,907200,-59
29,3019,907500,-58
29,3020,907800,-56
29,3021,908100,-57
29,3022,908400,-59
29,3023,908700,-59
29,3024,909000,-62
29,3025,909300,-66
29,3026,909600,-63
29,3027,909900,-57
29,3028,910200,-59
29,3029,910500,-57
29,3030,910800,-56
30,3031,911100,-56
30,3032,911400,-57
30,3033,911700,-57
30,3034,912000,-58
30,3035,912300,-56
30,3036,912600,-57
30,3037,912900,-60
30,3038,913200,-60
30,3039,913500,-60
30,3040,913800,-61
30,3041,914100,-62
30,3042,914400,-64
30,3043,914700,-62
30,3044,915000,-62
30,3045,915300,-62
30,3046,915600,-60
30,3047,915900,-57
30,3048,916200,-57
30,3049,916500,-57
30,3050,916800,-59
30,3051,917100,-55
30,3052,917400,-52
30,3053,917700,-55
30,3054,918000,-56
30,3055,918300,-54
30,3056,918600,-60
30,3057,918900,-57
30,3058,919200,-56
30,3059,919500,-57
30,3060,919800,-57
30,3061,920100,-60
30,3062,920400,-55
30,3063,920700,-55
30,3064,921000,-66
30,3065,921300,-58
30,3066,921600,-61
30,3067,921900,-65
30,3068,922200,-61
30,3069,922500,-59
30,3070,922800,-57
30,3071,923100,-62
30,3072,923400,-59
30,3073,923700,-59
30,3074,924000,-62
30,3075,924300,-59
30,3076,924600,-57
30,3077,924900,-60
30,3078,925200,-63
30,3079,925500,-61
30,3080,925800,-62
30,3081,926100,-65
30,3082,926400,-60
30,3083,926700,-60
30,3084,927000,-62
30,3085,927300,-62
30,3086,927600,-63
30,3087,927900,-63
30,3088,928200,-70
30,3089,928500,-70
30,3090,928800,-66
30,3091,929100,-63
30,3092,929400,-61
30,3093,929700,-57
30,3094,930000,-56
30,3095,930300,-60
30,3096,930600,-60
30,3097,930900,-61
30,3098,931200,-62
30,3099,931500,-61
30,3100,931800,-59
30,3101,932100,-60
30,3102,932400,-59
30,3103,932700,-55
30,3104,933000,-58
30,3105,933300,-57
30,3106,933600,-57
30,3107,933900,-56
30,3108,934200,-58
30,3109,934500,-53
30,3110,934800,-55
30,3111,935100,-56
30,3112,935400,-55
30,3113,935700,-56
30,3114,936000,-56
30,3115,936300,-57
30,3116,936600,-60
30,3117,936900,-60
30,3118,937200,-56
30,3119,937500,-56
30,3120,937800,-57
30,3121,938100,-59
30,3122,938400,-56
30,3123,938700,-54
30,3124,939000,-56
30,3125,939300,-62
30,3126,939600,-62
30,3127,939900,-68
30,3128,940200,-70
30,3129,940500,-66
30,3130,940800,-63
30,3131,941100,-65
30,3132,941400,-65
30,3133,941700,-68
30,3134,942000,-65
30,3135,942300,-66
30,3136,942600,-66
30,3137,942900,-66
30,3138,943200,-65
30,3139,943500,-65
30,3140,943800,-63
30,3141,944100,-61
30,3142,944400,-56
30,3143,944700,-56
30,3144,945000,-59
30,3145,945300,-61
30,3146,945600,-58
30,3147,945900,-64
30,3148,946200,-67
30,3149,946500,-64
30,3150,946800,-62
30,3151,947100,-63
30,3152,947400,-62
30,3153,947700,-63
30,3154,948000,-62
30,3155,948300,-62
30,3156,948600,-60
30,3157,948900,-59
30,3158,949200,-60
30,3159,949500,-62
30,3160,949800,-67
30,3161,950100,-63
30,3162,950400,-65
30,3163,950700,-63
30,3164,951000,-62
30,3165,951300,-62
30,3166,951600,-62
30,3167,951900,-63
30,3168,952200,-57
30,3169,952500,-53
30,3170,952800,-53
30,3171,953100,-56
30,3172,953400,-56
30,3173,953700,-56
30,3174,954000,-57
30,3175,954300,-56
30,3176,954600,-57
30,3177,954900,-56
30,3178,955200,-56
30,3179,955500,-57
30,3180,955800,-55
30,3181,956100,-54
30,3182,956400,-58
30,3183,956700,-58
30,3184,957000,-56
30,3185,957300,-56
30,3186,957600,-58
30,3187,957900,-58
30,3188,958200,-61
30,3189,958500,-59
30,3190,958800,-58
30,3191,959100,-56
30,3192,959400,-55
30,3193,959700,-56
30,3194,960000,-56
30,3195,960300,-56
30,3196,960600,-56
30,3197,960900,-56
30,3198,961200,-56
30,3199,961500,-59
30,3200,961800,-56
30,3201,962100,-60
30,3202,962400,-60
30,3203,962700,-61
30,3204,963000,-65
30,3205,963300,-72
30,3206,963600,-61
30,3207,963900,-58
30,3208,964200,-57
30,3209,964500,-56
30,3210,964800,-53
30,3211,965100,-53
30,3212,965400,-51
30,3213,965700,-52
32,3214,966000,-51
32,3215,966300,-54
32,3216,966600,-55
32,3217,966900,-56
32,3218,967200,-56
32,3219,967500,-57
32,3220,967800,-59
32,3221,968100,-60
32,3222,968400,-61
32,3223,968700,-62
32,3224,969000,-65
32,3225,969300,-62
32,3226,969600,-59
32,3227,969900,-57
32,3228,970200,-57
32,3229,970500,-55
32,3230,970800,-56
32,3231,971100,-54
32,3232,971400,-56
32,3233,971700,-60
32,3234,972000,-62
32,3235,972300,-61
32,3236,972600,-61
32,3237,972900,-56
32,3238,973200,-56
32,3239,973500,-55
32,3240,973800,-56
32,3241,974100,-56
32,3242,974400,-55
32,3243,974700,-56
32,3244,975000,-58
32,3245,975300,-61
32,3246,975600,-68
32,3247,975900,-73
32,3248,976200,-70
32,3249,976500,-62
32,3250,976800,-60
32,3251,977100,-60
32,3252,977400,-62
32,3253,977700,-60
32,3254,978000,-61
32,3255,978300,-60
32,3256,978600,-55
32,3257,978900,-64
32,3258,979200,-59
32,3259,979500,-61
32,3260,979800,-59
32,3261,980100,-60
32,3262,980400,-59
32,3263,980700,-56
32,3264,981000,-55
32,3265,981300,-54
32,3266,981600,-58
32,3267,981900,-60
32,3268,982200,-56
32,3269,982500,-66
32,3270,982800,-62
32,3271,983100,-60
32,3272,983400,-63
32,3273,983700,-72
32,3274,984000,-64
32,3275,984300,-61
32,3276,984600,-60
32,3277,984900,-71
32,3278,985200,-59
32,3279,985500,-57
32,3280,985800,-62
32,3281,986100,-56
32,3282,986400,-59
32,3283,986700,-64
32,3284,987000,-75
32,3285,987300,-78
32,3286,987600,-66
32,3287,987900,-64
32,3288,988200,-63
32,3289,988500,-65
32,3290,988800,-71
32,3291,989100,-63
32,3292,989400,-62
32,3293,989700,-65
32,3294,990000,-63
32,3295,990300,-60
32,3296,990600,-62
32,3297,990900,-62
32,3298,991200,-66
32,3299,991500,-68
32,3300,991800,-62
32,3301,992100,-57
32,3302,992400,-57
32,3303,992700,-61
32,3304,993000,-58
32,3305,993300,-59
32,3306,993600,-57
32,3307,993900,-59
32,3308,994200,-61
32,3309,994500,-60
32,3310,994800,-59
32,3311,995100,-57
32,3312,995400,-54
32,3313,995700,-57
32,3314,996000,-61
32,3315,996300,-65
32,3316,996600,-69
32,3317,996900,-66
32,3318,997200,-62
32,3319,997500,-67
32,3320,997800,-60
32,3321,998100,-63
32,3322,998400,-68
32,3323,998700,-67
32,3324,999000,-63
32,3325,999300,-62
32,3326,999600,-69
32,3327,999900,-65
32,3328,1000200,-81
32,3329,1000500,-75
32,3330,1000800,-74
32,3331,1001100,-71
32,3332,1001400,-70
32,3333,1001700,-78
32,3334,1002000,-70
32,3335,1002300,-74
32,3336,1002600,-83
32,3337,1002900,-65
32,3338,1003200,-66
32,3339,1003500,-63
32,3340,1003800,-68
32,3341,1004100,-62
32,3342,1004400,-69
32,3343,1004700,-64
32,3344,1005000,-66
32,3345,1005300,-61
32,3346,1005600,-71
32,3347,1005900,-69
32,3348,1006200,-60
32,3349,1006500,-62
32,3350,1006800,-60
32,3351,1007100,-69
32,3352,1007400,-75
32,3353,1007700,-66
32,3354,1008000,-60
32,3355,1008300,-64
32,3356,1008600,-67
32,3357,1008900,-67
32,3358,1009200,-66
32,3359,1009500,-62
32,3360,1009800,-80
32,3361,1010100,-67
32,3362,1010400,-67
32,3363,1010700,-72
32,3364,1011000,-68
32,3365,1011300,-63
32,3366,1011600,-59
32,3367,1011900,-61
32,3368,1012200,-66
32,3369,1012500,-66
32,3370,1012800,-63
32,3371,1013100,-66
32,3372,1013400,-76
32,3373,1013700,-69
32,3374,1014000,-67
32,3375,1014300,-72
32,3376,1014600,-72
32,3377,1014900,-68
32,3378,1015200,-65
32,3379,1015500,-62
32,3380,1015800,-69
32,3381,1016100,-65
32,3382,1016400,-60
32,3383,1016700,-62
32,3384,1017000,-60
32,3385,1017300,-62
32,3386,1017600,-64
32,3387,1017900,-61
32,3388,1018200,-66
32,3389,1018500,-61
32,3390,1018800,-66
32,3391,1019100,-66
32,3392,1019400,-64
32,3393,1019700,-74
32,3394,1020000,-66
32,3395,1020300,-66
32,3396,1020600,-73
32,3397,1020900,-74
32,3398,1021200,-67
32,3399,1021500,-71
32,3400,1021800,-74
32,3401,1022100,-74
32,3402,1022400,-74
32,3403,1022700,-69
32,3404,1023000,-66
32,3405,1023300,-65
32,3406,1023600,-64
32,3407,1023900,-62
32,3408,1024200,-65
32,3409,1024500,-67
32,3410,1024800,-69
32,3411,1025100,-80
32,3412,1025400,-76
32,3413,1025700,-73
32,3414,1026000,-73
32,3415,1026300,-78
32,3416,1026600,-70
32,3417,1026900,-68
32,3418,1027200,-65
32,3419,1027500,-68
32,3420,1027800,-72
32,3421,1028100,-65
32,3422,1028400,-68
32,3423,1028700,-68
32,3424,1029000,-67
32,3425,1029300,-66
32,3426,1029600,-68
32,3427,1029900,-72
32,3428,1030200,-68
32,3429,1030500,-66
32,3430,1030800,-70
32,3431,1031100,-72
32,3432,1031400,-70
32,3433,1031700,-68
32,3434,1032000,-74
32,3435,1032300,-68
32,3436,1032600,-67
32,3437,1032900,-66
32,3438,1033200,-71
32,3439,1033500,-71
32,3440,1033800,-78
32,3441,1034100,-81
32,3442,1034400,-75
32,3443,1034700,-71
32,3444,1035000,-70
32,3445,1035300,-69
32,3446,1035600,-68
32,3447,1035900,-71
32,3448,1036200,-73
32,3449,1036500,-73
32,3450,1036800,-74
34,3451,1037100,-75
34,3452,1037400,-72
34,3453,1037700,-73
34,3454,1038000,-67
34,3455,1038300,-62
34,3456,1038600,-63
34,3457,1038900,-62
34,3458,1039200,-64
34,3459,1039500,-62
34,3460,1039800,-61
34,3461,1040100,-62
34,3462,1040400,-62
34,3463,1040700,-62
34,3464,1041000,-63
34,3465,1041300,-62
34,3466,1041600,-63
34,3467,1041900,-62
34,3468,1042200,-62
34,3469,1042500,-61
34,3470,1042800,-62
34,3471,1043100,-62
34,3472,1043400,-62
34,3473,1043700,-62
34,3474,1044000,-65
34,3475,1044300,-62
34,3476,1044600,-61
34,3477,1044900,-68
34,3478,1045200,-76
34,3479,1045500,-71
34,3480,1045800,-74
34,3481,1046100,-80
34,3482,1046400,-68
34,3483,1046700,-66
34,3484,1047000,-65
34,3485,1047300,-67
34,3486,1047600,-64
34,3487,1047900,-63
34,3488,1048200,-63
34,3489,1048500,-62
34,3490,1048800,-62
34,3491,1049100,-62
34,3492,1049400,-65
34,3493,1049700,-68
34,3494,1050000,-67
34,3495,1050300,-65
34,3496,1050600,-65
34,3497,1050900,-64
34,3498,1051200,-68
34,3499,1051500,-68
34,3500,1051800,-75
34,3502,1052400,-69
34,3503,1052700,-61
34,3504,1053000,-60
34,3505,1053300,-61
34,3506,1053600,-64
34,3507,1053900,-68
34,3508,1054200,-61
34,3509,1054500,-72
34,3510,1054800,-69
34,3511,1055100,-64
34,3512,1055400,-73
34,3513,1055700,-60
34,3514,1056000,-69
34,3515,1056300,-60
34,3516,1056600,-69
34,3517,1056900,-63
34,3518,1057200,-69
34,3519,1057500,-64
34,3520,1057800,-65
34,3521,1058100,-72
34,3522,1058400,-60
34,3523,1058700,-62
34,3524,1059000,-65
34,3525,1059300,-67
34,3526,1059600,-62
34,3527,1059900,-65
34,3528,1060200,-59
34,3529,1060500,-57
34,3530,1060800,-56
34,3531,1061100,-62
34,3532,1061400,-64
34,3533,1061700,-65
34,3534,1062000,-62
34,3535,1062300,-67
34,3536,1062600,-65
34,3537,1062900,-63
34,3538,1063200,-58
34,3539,1063500,-62
34,3540,1063800,-63
34,3541,1064100,-66
34,3542,1064400,-62
34,3543,1064700,-63
34,3544,1065000,-61
34,3545,1065300,-61
34,3546,1065600,-60
34,3547,1065900,-64
34,3548,1066200,-57
34,3549,1066500,-56
34,3550,1066800,-62
34,3551,1067100,-56
34,3552,1067400,-59
34,3553,1067700,-61
34,3554,1068000,-61
34,3555,1068300,-63
34,3556,1068600,-66
34,3557,1068900,-57
34,3558,1069200,-59
34,3559,1069500,-61
34,3560,1069800,-61
34,3561,1070100,-57
34,3562,1070400,-55
34,3563,1070700,-56
34,3564,1071000,-53
34,3565,1071300,-60
34,3566,1071600,-61
34,3567,1071900,-54
34,3568,1072200,-54
34,3569,1072500,-57
34,3570,1072800,-55
34,3571,1073100,-55
34,3572,1073400,-55
34,3573,1073700,-58
34,3574,1074000,-57
34,3575,1074300,-56
34,3576,1074600,-56
34,3577,1074900,-57
34,3578,1075200,-55
34,3579,1075500,-62
34,3580,1075800,-50
34,3581,1076100,-66
34,3582,1076400,-56
34,3583,1076700,-56
34,3584,1077000,-57
34,3585,1077300,-54
34,3586,1077600,-50
34,3587,1077900,-55
34,3588,1078200,-52
34,3589,1078500,-50
34,3590,1078800,-50
34,3591,1079100,-51
34,3592,1079400,-61
34,3593,1079700,-50
34,3594,1080000,-51
34,3595,1080300,-56
34,3596,1080600,-57
34,3597,1080900,-53
34,3598,1081200,-56
34,3599,1081500,-55
34,3600,1081800,-56
34,3601,1082100,-54
34,3602,1082400,-62
34,3603,1082700,-55
34,3604,1083000,-55
34,3605,1083300,-56
34,3606,1083600,-55
34,3607,1083900,-53
34,3608,1084200,-56
34,3609,1084500,-57
34,3610,1084800,-59
34,3611,1085100,-51
34,3612,1085400,-50
34,3613,1085700,-55
34,3614,1086000,-56
34,3615,1086300,-54
34,3616,1086600,-51
34,3617,1086900,-56
34,3618,1087200,-61
34,3619,1087500,-65
34,3620,1087800,-60
34,3621,1088100,-62
34,3622,1088400,-59
34,3623,1088700,-54
34,3624,1089000,-53
34,3625,1089300,-51
34,3626,1089600,-51
34,3627,1089900,-51
34,3628,1090200,-62
34,3629,1090500,-61
34,3630,1090800,-61
34,3631,1091100,-52
34,3632,1091400,-53
34,3633,1091700,-50
34,3634,1092000,-50
34,3635,1092300,-50
34,3636,1092600,-51
34,3637,1092900,-55
34,3638,1093200,-56
34,3639,1093500,-59
34,3640,1093800,-66
34,3641,1094100,-61
34,3642,1094400,-62
34,3643,1094700,-62
34,3644,1095000,-68
34,3645,1095300,-63
34,3646,1095600,-64
34,3647,1095900,-57
34,3648,1096200,-49
34,3649,1096500,-48
34,3650,1096800,-51
34,3651,1097100,-49
34,3652,1097400,-48
34,3653,1097700,-47
34,3654,1098000,-50
34,3655,1098300,-51
34,3656,1098600,-47
34,3657,1098900,-45
34,3658,1099200,-51
34,3659,1099500,-57
34,3660,1099800,-54
34,3661,1100100,-48
34,3662,1100400,-42
34,3663,1100700,-44
34,3664,1101000,-54
34,3665,1101300,-49
34,3666,1101600,-46
34,3667,1101900,-50
34,3668,1102200,-45
34,3669,1102500,-47
34,3670,1102800,-49
34,3671,1103100,-48
34,3672,1103400,-47
34,3673,1103700,-58
34,3674,1104000,-42
34,3675,1104300,-47
34,3676,1104600,-53
34,3677,1104900,-58
34,3678,1105200,-62
34,3679,1105500,-59
34,3680,1105800,-54
34,3681,1106100,-59
34,3682,1106400,-56
34,3683,1106700,-50
34,3684,1107000,-61
34,3685,1107300,-50
34,3686,1107600,-50
34,3687,1107900,-46
34,3688,1108200,-48
34,3689,1108500,-56
34,3690,1108800,-43
34,3691,1109100,-47
34,3692,1109400,-40
34,3693,1109700,-45
34,3694,1110000,-47
34,3695,1110300,-44
34,3696,1110600,-43
34,3697,1110900,-49
34,3698,1111200,-42
34,3699,1111500,-42
34,3700,1111800,-40
34,3701,1112100,-38
34,3702,1112400,-40
34,3703,1112700,-39
34,3704,1113000,-36
34,3705,1113300,-38
34,3706,1113600,-36
34,3707,1113900,-36
34,3708,1114200,-36
34,3709,1114500,-35
34,3710,1114800,-32
34,3711,1115100,-31
34,3712,1115400,-34
34,3713,1115700,-32
34,3714,1116000,-43
34,3715,1116300,-35
34,3716,1116600,-37
34,3717,1116900,-32
34,3718,1117200,-39
34,3719,1117500,-41
34,3720,1117800,-39
34,3721,1118100,-32
34,3722,1118400,-38
34,3723,1118700,-32
34,3724,1119000,-32
34,3725,1119300,-30
34,3726,1119600,-30
34,3727,1119900,-31
34,3728,1120200,-41
34,3729,1120500,-32
34,3730,1120800,-34
34,3731,1121100,-34
34,3732,1121400,-32
34,3733,1121700,-38
34,3734,1122000,-33
34,3735,1122300,-41
34,3736,1122600,-51
34,3737,1122900,-43
34,3738,1123200,-38
34,3739,1123500,-42
34,3740,1123800,-35
34,3741,1124100,-56
34,3742,1124400,-36
34,3743,1124700,-50
34,3744,1125000,-47
34,3745,1125300,-44
34,3746,1125600,-48
34,3747,1125900,-38
34,3748,1126200,-39
34,3749,1126500,-39
34,3750,1126800,-35
34,3751,1127100,-43
34,3752,1127400,-51
34,3753,1127700,-39
34,3754,1128000,-44
34,3755,1128300,-32
34,3756,1128600,-45
34,3757,1128900,-43
34,3758,1129200,-45
34,3759,1129500,-41
34,3760,1129800,-44
34,3761,1130100,-49
34,3762,1130400,-38
34,3763,1130700,-38
34,3764,1131000,-42
34,3765,1131300,-45
34,3766,1131600,-53
34,3767,1131900,-54
34,3768,1132200,-44
34,3769,1132500,-40
34,3770,1132800,-40
34,3771,1133100,-42
34,3772,1133400,-47
34,3773,1133700,-44
34,3774,1134000,-52
34,3775,1134300,-49
34,3776,1134600,-46
34,3777,1134900,-53
34,3778,1135200,-34
34,3779,1135500,-38
34,3780,1135800,-36
34,3781,1136100,-38
34,3782,1136400,-48
35,3783,1136700,-50
35,3784,1137000,-52
35,3785,1137300,-41
35,3786,1137600,-40
35,3787,1137900,-44
35,3788,1138200,-48
35,3789,1138500,-48
35,3790,1138800,-48
35,3791,1139100,-47
35,3792,1139400,-55
35,3793,1139700,-53
35,3794,1140000,-41
35,3795,1140300,-39
35,3796,1140600,-40
35,3797,1140900,-38
35,3798,1141200,-38
35,3799,1141500,-38
35,3800,1141800,-40
35,3801,1142100,-39
35,3802,1142400,-37
35,3803,1142700,-37
35,3804,1143000,-36
35,3805,1143300,-37
35,3806,1143600,-36
35,3807,1143900,-36
35,3808,1144200,-37
35,3809,1144500,-36
35,3810,1144800,-37
35,3811,1145100,-35
35,3812,1145400,-35
35,3813,1145700,-35
35,3814,1146000,-33
35,3815,1146300,-35
35,3816,1146600,-37
35,3817,1146900,-38
35,3818,1147200,-39
35,3819,1147500,-38
35,3820,1147800,-42
35,3821,1148100,-42
35,3822,1148400,-41
35,3823,1148700,-41
35,3824,1149000,-40
35,3825,1149300,-47
35,3826,1149600,-42
35,3827,1149900,-37
35,3828,1150200,-33
35,3829,1150500,-31
35,3830,1150800,-29
35,3831,1151100,-27
35,3832,1151400,-29
35,3833,1151700,-28
35,3834,1152000,-27
35,3835,1152300,-28
35,3836,1152600,-28
35,3837,1152900,-28
35,3838,1153200,-27
35,3839,1153500,-37
35,3840,1153800,-30
35,3841,1154100,-33
35,3842,1154400,-38
35,3843,1154700,-41
35,3844,1155000,-53
35,3845,1155300,-45
35,3846,1155600,-46
35,3847,1155900,-42
35,3848,1156200,-42
35,3849,1156500,-44
35,3850,1156800,-37
35,3851,1157100,-41
35,3852,1157400,-43
35,3853,1157700,-36
35,3854,1158000,-38
35,3855,1158300,-40
35,3856,1158600,-42
35,3857,1158900,-45
35,3858,1159200,-41
35,3859,1159500,-41
35,3860,1159800,-38
35,3861,1160100,-42
35,3862,1160400,-41
35,3863,1160700,-44
35,3864,1161000,-48
35,3865,1161300,-41
35,3866,1161600,-39
35,3867,1161900,-42
35,3868,1162200,-42
35,3869,1162500,-44
35,3870,1162800,-45
36,3871,1163100,-44
36,3872,1163400,-38
36,3873,1163700,-38
36,3874,1164000,-42
36,3875,1164300,-42
36,3876,1164600,-41
36,3877,1164900,-40
36,3878,1165200,-44
36,3879,1165500,-51
36,3880,1165800,-42
36,3881,1166100,-44
36,3882,1166400,-44
36,3883,1166700,-41
36,3884,1167000,-47
36,3885,1167300,-41
36,3886,1167600,-44
36,3887,1167900,-47
36,3888,1168200,-49
36,3889,1168500,-48
36,3890,1168800,-49
36,3891,1169100,-45
36,3892,1169400,-54
36,3893,1169700,-51
36,3894,1170000,-50
36,3895,1170300,-60
36,3896,1170600,-55
36,3897,1170900,-54
36,3898,1171200,-58
36,3899,1171500,-53
36,3900,1171800,-53
36,3901,1172100,-50
36,3902,1172400,-62
36,3903,1172700,-57
36,3904,1173000,-53
36,3905,1173300,-53
36,3906,1173600,-48
36,3907,1173900,-56
36,3908,1174200,-53
36,3909,1174500,-48
36,3910,1174800,-56
36,3911,1175100,-56
36,3912,1175400,-57
36,3913,1175700,-60
36,3914,1176000,-56
36,3915,1176300,-63
36,3916,1176600,-60
36,3917,1176900,-56
36,3918,1177200,-57
36,3919,1177500,-73
36,3920,1177800,-63
36,3921,1178100,-64
36,3922,1178400,-64
36,3923,1178700,-65
36,3924,1179000,-69
36,3925,1179300,-70
36,3926,1179600,-72
36,3927,1179900,-68
36,3928,1180200,-66
36,3929,1180500,-62
36,3930,1180800,-68
36,3931,1181100,-69
36,3932,1181400,-71
36,3933,1181700,-61
36,3934,1182000,-65
36,3935,1182300,-67
36,3936,1182600,-62
36,3937,1182900,-63
36,3938,1183200,-65
36,3939,1183500,-67
36,3940,1183800,-72
36,3941,1184100,-68
36,3942,1184400,-71
36,3943,1184700,-71
36,3944,1185000,-75
36,3945,1185300,-65
36,3946,1185600,-75
36,3947,1185900,-83
36,3948,1186200,-66
36,3949,1186500,-68
36,3950,1186800,-71
36,3951,1187100,-71
36,3952,1187400,-71
36,3953,1187700,-68
36,3954,1188000,-89
36,3955,1188300,-77
36,3956,1188600,-69
36,3957,1188900,-63
36,3958,1189200,-70
36,3959,1189500,-71
36,3960,1189800,-72
36,3961,1190100,-68
36,3962,1190400,-68
36,3963,1190700,-73
36,3964,1191000,-66
36,3965,1191300,-65
36,3966,1191600,-66
36,3967,1191900,-68
36,3968,1192200,-63
36,3969,1192500,-60
36,3970,1192800,-62
36,3971,1193100,-72
36,3972,1193400,-61
36,3973,1193700,-62
36,3974,1194000,-69
36,3975,1194300,-63
36,3976,1194600,-60
36,3977,1194900,-59
36,3978,1195200,-67
36,3979,1195500,-61
36,3980,1195800,-55
36,3981,1196100,-58
36,3982,1196400,-55
36,3983,1196700,-56
36,3984,1197000,-57
36,3985,1197300,-53
36,3986,1197600,-53
36,3987,1197900,-50
36,3988,1198200,-48
36,3989,1198500,-48
36,3990,1198800,-53
36,3991,1199100,-52
36,3992,1199400,-50
36,3993,1199700,-57
36,3994,1200000,-52
36,3995,1200300,-79
36,3996,1200600,-60
36,3997,1200900,-58
36,3998,1201200,-56
36,3999,1201500,-51
36,4000,1201800,-49
36,4001,1202100,-50
36,4002,1202400,-50
36,4003,1202700,-55
36,4004,1203000,-49
36,4005,1203300,-49
36,4006,1203600,-40
36,4007,1203900,-37
36,4008,1204200,-38
36,4009,1204500,-37
36,4010,1204800,-41
36,4011,1205100,-59
36,4012,1205400,-50
36,4013,1205700,-49
36,4014,1206000,-49
36,4015,1206300,-50
36,4016,1206600,-50
36,4017,1206900,-53
36,4018,1207200,-55
36,4019,1207500,-65
36,4020,1207800,-64
36,4021,1208100,-64
36,4022,1208400,-54
36,4023,1208700,-64
36,4024,1209000,-55
36,4025,1209300,-66
36,4026,1209600,-56
36,4027,1209900,-64
36,4028,1210200,-63
36,4029,1210500,-59
36,4030,1210800,-54
36,4031,1211100,-58
36,4032,1211400,-52
36,4033,1211700,-47
36,4034,1212000,-57
36,4035,1212300,-60
36,4036,1212600,-66
36,4037,1212900,-59
36,4038,1213200,-59
36,4039,1213500,-57
36,4040,1213800,-58
36,4041,1214100,-60
36,4042,1214400,-57
36,4043,1214700,-58
36,4044,1215000,-62
36,4045,1215300,-60
36,4046,1215600,-69
36,4047,1215900,-62
36,4048,1216200,-67
36,4049,1216500,-59
36,4050,1216800,-63
36,4051,1217100,-70
36,4052,1217400,-61
36,4052,1217400,-62
36,4053,1217700,-72
36,4054,1218000,-74
36,4055,1218300,-66
36,4056,1218600,-80
36,4057,1218900,-80
36,4058,1219200,-67
36,4059,1219500,-78
36,4060,1219800,-61
36,4061,1220100,-66
36,4062,1220400,-62
36,4063,1220700,-62
36,4064,1221000,-72
36,4065,1221300,-68
36,4066,1221600,-71
36,4067,1221900,-61
36,4068,1222200,-77
36,4069,1222500,-71
36,4070,1222800,-69
36,4071,1223100,-70
36,4072,1223400,-71
36,4073,1223700,-70
36,4074,1224000,-72
36,4075,1224300,-78
36,4076,1224600,-69
36,4077,1224900,-84
36,4078,1225200,-70
36,4079,1225500,-81
36,4080,1225800,-85
36,4081,1226100,-73
36,4082,1226400,-69
36,4083,1226700,-67
37,116,36600,-48
37,117,36900,-47
37,118,37200,-49
37,119,37500,-53
37,120,37800,-60
37,121,38100,-48
37,1237,38400,-50
37,123,38700,-56
37,124,39000,-50
37,125,39300,-53
37,126,39600,-56
37,127,39900,-54
37,128,40200,-59
37,129,40500,-50
37,130,40800,-57
37,131,41100,-54
37,1337,41400,-57
37,133,41700,-56
37,134,42000,-57
37,135,42300,-54
37,136,42600,-56
37,137,42900,-63
37,138,43200,-56
37,139,43500,-55
37,140,43800,-75
37,141,44100,-63
37,1437,44400,-62
37,143,44700,-59
37,144,45000,-60
37,145,45300,-58
37,146,45600,-56
37,147,45900,-60
37,148,46200,-61
37,149,46500,-69
37,150,46800,-66
37,151,47100,-66
37,1537,47400,-72
37,153,47700,-68
37,154,48000,-59
37,155,48300,-62
37,156,48600,-55
37,157,48900,-58
37,158,49200,-64
37,159,49500,-61
37,160,49800,-67
37,161,50100,-55
37,1637,50400,-68
37,163,50700,-52
37,164,51000,-58
37,165,51300,-56
37,166,51600,-62
37,167,51900,-61
37,168,52200,-56
37,169,52500,-64
37,170,52800,-51
37,171,53100,-55
37,1737,53400,-58
37,173,53700,-55
37,174,54000,-55
37,175,54300,-47
37,176,54600,-49
37,177,54900,-48
37,178,55200,-60
37,179,55500,-46
37,180,55800,-44
37,181,56100,-47
37,1837,56400,-43
37,183,56700,-41
37,184,57000,-43
37,185,57300,-40
37,186,57600,-42
37,187,57900,-44
37,188,58200,-43
37,189,58500,-43
37,190,58800,-40
37,191,59100,-42
37,1937,59400,-45
37,193,59700,-49
37,194,60000,-47
37,195,60300,-47
37,196,60600,-55
37,197,60900,-56
37,198,61200,-55
37,199,61500,-55
37,200,61800,-58
37,201,62100,-56
37,2037,62400,-38
37,203,62700,-40
37,204,63000,-42
37,205,63300,-39
37,206,63600,-43
37,207,63900,-51
37,208,64200,-51
37,209,64500,-44
37,210,64800,-44
37,211,65100,-50
37,2137,65400,-45
37,213,65700,-48
37,214,66000,-48
37,215,66300,-56
37,216,66600,-53
37,217,66900,-50
37,218,67200,-50
37,219,67500,-66
37,220,67800,-61
37,221,68100,-53
37,2237,68400,-55
37,223,68700,-53
37,224,69000,-71
37,225,69300,-53
37,226,69600,-55
37,227,69900,-57
37,228,70200,-65
37,229,70500,-59
37,230,70800,-56
37,231,71100,-54
37,2337,71400,-58
37,233,71700,-57
37,234,72000,-58
37,235,72300,-61
37,236,72600,-74
37,237,72900,-59
37,238,73200,-73
37,239,73500,-69
37,240,73800,-67
37,241,74100,-68
37,2437,74400,-62
37,243,74700,-66
37,244,75000,-65
37,245,75300,-64
37,246,75600,-60
37,247,75900,-69
37,248,76200,-66
37,249,76500,-64
37,250,76800,-59
37,251,77100,-70
37,2537,77400,-54
37,253,77700,-62
37,254,78000,-53
37,255,78300,-72
37,256,78600,-54
37,257,78900,-61
37,258,79200,-56
37,259,79500,-51
37,260,79800,-53
37,261,80100,-47
37,2637,80400,-61
37,263,80700,-52
37,264,81000,-48
37,265,81300,-54
37,266,81600,-48
37,267,81900,-47
37,268,82200,-50
37,269,82500,-42
37,270,82800,-52
37,271,83100,-44
37,2737,83400,-53
37,273,83700,-44
37,274,84000,-50
37,275,84300,-44
37,276,84600,-45
37,277,84900,-47
37,278,85200,-47
37,279,85500,-47
37,280,85800,-41
37,281,86100,-46
37,2837,86400,-50
37,283,86700,-48
37,284,87000,-49
37,285,87300,-49
37,286,87600,-51
37,287,87900,-53
37,288,88200,-50
37,289,88500,-53
37,290,88800,-52
37,291,89100,-53
37,2937,89400,-53
37,293,89700,-55
37,294,90000,-58
37,295,90300,-59
37,296,90600,-70
37,297,90900,-60
37,298,91200,-62
37,299,91500,-68
37,300,91800,-61
37,301,92100,-56
37,3037,92400,-60
37,303,92700,-61
37,304,93000,-64
37,305,93300,-61
37,306,93600,-62
37,307,93900,-63
37,308,94200,-64
37,309,94500,-62
37,310,94800,-62
37,311,95100,-65
37,3137,95400,-71
37,313,95700,-70
37,314,96000,-69
37,315,96300,-63
37,316,96600,-67
37,317,96900,-59
37,318,97200,-62
37,319,97500,-67
37,320,97800,-69
37,321,98100,-61
37,3237,98400,-61
37,323,98700,-64
37,324,99000,-51
37,325,99300,-56
37,326,99600,-58
37,327,99900,-56
37,328,100200,-54
37,329,100500,-54
37,330,100800,-61
37,331,101100,-55
37,3337,101400,-52
37,333,101700,-45
37,334,102000,-48
37,335,102300,-49
37,336,102600,-47
37,337,102900,-47
37,338,103200,-51
37,339,103500,-43
37,340,103800,-44
37,341,104100,-41
37,3437,104400,-41
37,343,104700,-42
37,344,105000,-41
37,345,105300,-43
37,346,105600,-42
37,347,105900,-43
37,348,106200,-39
37,349,106500,-37
37,350,106800,-41
37,351,107100,-44
37,3537,107400,-46
37,353,107700,-48
37,354,108000,-56
37,355,108300,-58
37,356,108600,-61
37,357,108900,-80
37,358,109200,-50
37,359,109500,-56
37,360,109800,-54
37,361,110100,-50
37,3637,110400,-50
37,363,110700,-49
37,364,111000,-51
37,365,111300,-52
37,366,111600,-50
37,367,111900,-49
37,368,112200,-47
37,369,112500,-53
37,370,112800,-51
37,371,113100,-52
37,3737,113400,-55
37,373,113700,-56
38,550,166800,-50
38,551,167100,-53
38,552,167400,-48
38,553,167700,-58
38,5538,168000,-57
38,555,168300,-59
38,556,168600,-53
38,557,168900,-56
38,558,169200,-59
38,559,169500,-64
38,560,169800,-62
38,561,170100,-63
38,562,170400,-54
38,563,170700,-62
38,5638,171000,-60
38,565,171300,-65
38,566,171600,-61
38,567,171900,-54
38,568,172200,-54
38,569,172500,-57
38,570,172800,-60
38,571,173100,-58
38,572,173400,-63
38,573,173700,-56
38,5738,174000,-60
38,575,174300,-70
38,576,174600,-56
38,577,174900,-62
38,578,175200,-61
38,579,175500,-61
38,580,175800,-62
38,581,176100,-56
38,582,176400,-61
38,583,176700,-69
38,5838,177000,-60
38,585,177300,-57
38,586,177600,-60
38,587,177900,-68
38,588,178200,-62
38,589,178500,-58
38,590,178800,-58
38,591,179100,-59
38,592,179400,-63
38,593,179700,-60
38,5938,180000,-68
38,595,180300,-71
38,596,180600,-56
38,597,180900,-72
38,598,181200,-55
38,599,181500,-59
38,600,181800,-64
38,601,182100,-55
38,602,182400,-51
38,603,182700,-60
38,6038,183000,-50
38,605,183300,-60
38,606,183600,-49
38,607,183900,-59
38,608,184200,-58
38,609,184500,-54
38,610,184800,-53
38,611,185100,-62
38,612,185400,-61
38,613,185700,-56
38,6138,186000,-52
38,615,186300,-56
38,616,186600,-49
38,617,186900,-52
38,618,187200,-57
38,619,187500,-47
38,620,187800,-61
38,621,188100,-62
38,622,188400,-49
38,623,188700,-46
38,6238,189000,-49
38,625,189300,-47
38,626,189600,-42
38,627,189900,-44
38,628,190200,-40
38,629,190500,-40
38,630,190800,-38
38,631,191100,-42
38,632,191400,-47
38,633,191700,-43
38,6338,192000,-48
38,635,192300,-49
38,636,192600,-47
38,637,192900,-37
38,638,193200,-40
38,639,193500,-43
38,640,193800,-54
38,641,194100,-49
38,642,194400,-47
38,643,194700,-51
38,6438,195000,-48
38,645,195300,-55
38,646,195600,-52
38,647,195900,-53
38,648,196200,-53
38,649,196500,-55
38,650,196800,-51
38,651,197100,-51
38,652,197400,-56
38,653,197700,-56
38,6538,198000,-54
38,655,198300,-55
38,656,198600,-51
38,657,198900,-50
38,658,199200,-56
38,659,199500,-65
38,660,199800,-59
38,661,200100,-56
38,662,200400,-61
38,663,200700,-51
38,6638,201000,-59
38,665,201300,-60
38,666,201600,-56
38,667,201900,-62
38,668,202200,-67
38,669,202500,-54
38,670,202800,-66
38,671,203100,-52
38,672,203400,-71
38,673,203700,-63
38,6738,204000,-69
38,675,204300,-67
38,676,204600,-61
38,677,204900,-59
38,678,205200,-60
38,679,205500,-61
38,680,205800,-67
38,681,206100,-69
38,682,206400,-60
38,683,206700,-59
38,6838,207000,-62
38,685,207300,-51
38,686,207600,-55
38,687,207900,-49
38,688,208200,-64
38,689,208500,-53
38,690,208800,-64
38,691,209100,-57
38,692,209400,-56
38,693,209700,-67
38,6938,210000,-54
38,695,210300,-70
38,696,210600,-58
38,697,210900,-52
38,698,211200,-63
38,699,211500,-50
38,700,211800,-54
38,701,212100,-59
38,702,212400,-46
38,703,212700,-54
38,7038,213000,-52
38,705,213300,-44
38,706,213600,-49
38,707,213900,-46
38,708,214200,-47
38,709,214500,-42
38,710,214800,-49
38,711,215100,-36
38,712,215400,-43
38,713,215700,-43
38,7138,216000,-42
38,715,216300,-55
38,716,216600,-43
38,717,216900,-41
38,718,217200,-36
38,719,217500,-38
38,720,217800,-33
38,721,218100,-32
38,722,218400,-31
38,723,218700,-38
38,7238,219000,-30
38,725,219300,-49
38,726,219600,-61
38,727,219900,-42
38,728,220200,-53
38,729,220500,-41
38,730,220800,-41
38,731,221100,-39
38,732,221400,-42
38,733,221700,-36
38,7338,222000,-34
38,735,222300,-35
38,736,222600,-34
38,737,222900,-35
38,738,223200,-36
38,739,223500,-42
38,740,223800,-43
38,741,224100,-41
38,742,224400,-43
38,743,224700,-44
38,7438,225000,-42
38,745,225300,-41
38,746,225600,-47
38,747,225900,-56
38,748,226200,-47
38,749,226500,-44
38,750,226800,-51
38,751,227100,-49
38,752,227400,-54
38,753,227700,-46
38,7538,228000,-48
38,755,228300,-56
38,756,228600,-51
38,757,228900,-54
38,758,229200,-47
38,759,229500,-50
38,760,229800,-52
38,761,230100,-49
38,762,230400,-50
39,764,231000,-50
39,765,231300,-52
39,7639,231600,-47
39,767,231900,-47
39,768,232200,-50
39,769,232500,-47
39,770,232800,-46
39,771,233100,-52
39,772,233400,-48
39,773,233700,-55
39,774,234000,-62
39,775,234300,-53
39,7739,234600,-55
39,777,234900,-57
39,778,235200,-59
39,779,235500,-62
39,780,235800,-54
39,781,236100,-62
39,782,236400,-59
39,783,236700,-65
39,784,237000,-62
39,785,237300,-66
39,7839,237600,-62
39,787,237900,-65
39,788,238200,-60
39,789,238500,-62
39,790,238800,-62
39,791,239100,-62
39,792,239400,-61
39,793,239700,-56
39,794,240000,-65
39,795,240300,-59
39,7939,240600,-65
39,797,240900,-60
39,798,241200,-62
39,799,241500,-60
39,800,241800,-78
39,801,242100,-68
39,802,242400,-61
39,803,242700,-58
39,804,243000,-58
39,805,243300,-60
39,8039,243600,-56
39,807,243900,-57
39,808,244200,-60
39,809,244500,-71
39,810,244800,-57
39,811,245100,-61
39,812,245400,-62
39,813,245700,-63
39,814,246000,-58
39,815,246300,-55
39,8139,246600,-56
39,817,246900,-56
39,818,247200,-55
39,819,247500,-58
39,820,247800,-58
39,821,248100,-57
39,822,248400,-64
39,823,248700,-59
39,824,249000,-76
39,825,249300,-55
39,8239,249600,-54
39,827,249900,-54
39,828,250200,-56
39,829,250500,-65
39,830,250800,-68
39,831,251100,-59
39,832,251400,-54
39,833,251700,-54
39,834,252000,-58
39,835,252300,-55
39,8339,252600,-55
39,837,252900,-50
39,838,253200,-48
39,839,253500,-48
39,840,253800,-52
39,841,254100,-45
39,842,254400,-50
39,843,254700,-50
39,844,255000,-63
39,845,255300,-50
39,8439,255600,-50
39,847,255900,-46
39,848,256200,-47
39,849,256500,-47
39,850,256800,-48
39,851,257100,-49
39,852,257400,-51
39,853,257700,-53
39,854,258000,-56
39,855,258300,-61
39,8539,258600,-65
39,857,258900,-52
39,858,259200,-60
39,859,259500,-53
39,860,259800,-53
39,861,260100,-54
39,862,260400,-53
39,863,260700,-50
39,864,261000,-48
39,865,261300,-51
39,8639,261600,-49
39,867,261900,-60
39,868,262200,-62
39,869,262500,-61
39,870,262800,-76
39,871,263100,-59
39,872,263400,-52
39,873,263700,-55
39,874,264000,-62
39,875,264300,-58
39,8739,264600,-65
39,877,264900,-57
39,878,265200,-58
39,879,265500,-53
39,880,265800,-54
39,881,266100,-60
39,882,266400,-58
39,883,266700,-60
39,884,267000,-67
39,885,267300,-61
39,8839,267600,-74
39,887,267900,-62
39,888,268200,-68
39,889,268500,-70
39,890,268800,-82
39,891,269100,-62
39,892,269400,-64
39,893,269700,-67
39,894,270000,-69
39,895,270300,-64
39,8939,270600,-60
39,897,270900,-67
39,898,271200,-71
39,899,271500,-63
39,900,271800,-59
39,901,272100,-65
39,902,272400,-58
39,903,272700,-71
39,904,273000,-61
39,905,273300,-62
39,9039,273600,-61
39,907,273900,-68
39,908,274200,-65
39,909,274500,-65
39,910,274800,-63
39,911,275100,-69
39,912,275400,-62
39,913,275700,-70
39,914,276000,-63
39,915,276300,-63
39,9139,276600,-55
39,917,276900,-62
39,918,277200,-54
39,919,277500,-66
39,920,277800,-56
39,921,278100,-54
39,922,278400,-62
39,923,278700,-77
39,924,279000,-55
39,925,279300,-56
39,9239,279600,-56
39,927,279900,-56
39,928,280200,-51
39,929,280500,-61
39,930,280800,-48
39,931,281100,-50
39,932,281400,-50
39,933,281700,-55
39,934,282000,-47
39,935,282300,-48
39,9339,282600,-47
39,937,282900,-49
39,938,283200,-44
39,939,283500,-52
39,940,283800,-46
39,941,284100,-47
39,942,284400,-42
39,943,284700,-45
39,944,285000,-42
39,945,285300,-43
39,9439,285600,-44
39,947,285900,-45
39,948,286200,-42
39,949,286500,-41
39,950,286800,-42
39,951,287100,-38
39,952,287400,-40
39,953,287700,-36
39,954,288000,-33
39,955,288300,-38
39,9539,288600,-33
39,957,288900,-36
39,958,289200,-33
39,959,289500,-34
39,960,289800,-36
39,961,290100,-34
39,962,290400,-31
39,963,290700,-32
39,964,291000,-32
39,965,291300,-31
39,9639,291600,-30
39,967,291900,-32
39,968,292200,-33
39,969,292500,-32
39,970,292800,-30
39,971,293100,-34
39,972,293400,-37
39,973,293700,-32
39,974,294000,-35
39,975,294300,-31
39,9739,294600,-30
39,977,294900,-31
39,978,295200,-30
39,979,295500,-33
39,980,295800,-31
39,981,296100,-32
39,982,296400,-31
39,983,296700,-31
39,984,297000,-40
39,985,297300,-35
39,9839,297600,-51
39,987,297900,-46
39,988,298200,-44
39,989,298500,-42
39,990,298800,-44
39,991,299100,-43
39,992,299400,-45
39,993,299700,-43
39,994,300000,-40
39,995,300300,-45
39,9939,300600,-38
39,997,300900,-42
39,998,301200,-36
39,999,301500,-35
